gene_name	BC_01	BC_02	BC_03	BC_03LN	BC_04	BC_05	BC_06	BC_07	BC_07LN	BC_08	BC_09	BC_10	BC_11
ACACB	0.0	0.33825636	0.59392395	0.95711854	0.4507517	0.48594728	0.0	1.61725045	0.23663701	0.00606851	0.22140871	0.0	0.71473075
ADARB1	0.4819512	0.03077166	0.92286368	1.98553038	0.1087784	0.60168672	0.00677698	0.51352785	0.46314051	2.45526886	0.30257068	1.74013717	3.05310026
ADCY1	0.52904329	1.34992672	0.07219495	0.01210822	0.00321516	0.06108288	0.0	0.15951442	0.01386569	0.33895363	0.0	0.0	0.0
ADCYAP1	0.0	0.0	0.0	0.0	0.0	0.0	0.0	0.0	0.0	0.0	0.0	2.03249733	0.0
AES	3.20469888	2.62606513	2.32775221	2.59701706	2.59036038	2.67174541	1.89009537	2.80215942	3.56254046	2.13267317	3.06111419	2.8101178	2.751574
NR0B1	0.0	0.0	0.0	0.0	0.0	0.0	0.00637961	0.0	0.0	0.0	0.0	0.0	0.0
ALDH1B1	2.57123136	1.29016688	0.31263833	0.55346705	1.13707217	2.26434364	1.27234148	0.92262358	0.67227039	2.48881206	0.74755645	1.26235963	3.50451946
ALPL	0.0	0.0	0.26194838	0.0	0.0	0.19746604	0.41660285	0.0	2.16786701	0.9752157	1.64125952	0.0	0.0
ANK1	0.0	0.94300221	0.0190074	1.34901721	0.14476048	0.0	0.0	1.46134726	1.54543258	0.27002714	0.03906044	0.0	0.0
APBA2	0.0110921	0.0	0.0	0.0	0.26963891	0.53618953	0.0	0.46324062	0.34050721	0.11216341	0.12692629	0.25802795	0.0
APBB2	1.26900399	1.93095189	3.14749013	2.31792143	2.04979015	2.54460393	0.07991962	2.63675777	1.47597121	0.89910034	0.55770921	1.17364245	2.43624148
BIRC5	1.39900174	1.51798813	3.37205615	5.03695496	2.67157374	3.63692634	4.165331	2.99913823	4.04670562	0.71826388	3.43199598	2.60951817	4.41649394
APOD	0.0	6.52975689	6.03269727	4.9179111	2.80506412	1.7903082	0.08581066	5.12895384	5.72209614	5.55861931	2.48996329	0.0	5.49307641
APOE	0.0	1.00515159	0.70269604	0.01085002	1.02440001	1.34574289	0.79480083	2.47475728	0.0	1.36509293	3.63755546	2.16862504	0.0
AREG	0.18934809	3.33519112	3.76962462	3.15861614	5.13991359	1.37958358	3.90844862	3.62948324	2.97077241	0.69423355	3.40860874	3.60241906	0.0
BCAT1	0.6867808	1.85777569	1.92960026	3.79736689	2.01709271	0.32724613	2.1087576	2.43342414	3.89450441	3.47956645	3.33960563	0.07753958	0.80322383
BCL2	3.11806903	2.47508176	2.28105774	1.93662038	1.09787756	0.82656493	0.06015392	1.47973113	2.40398305	0.0	0.67557706	1.89752615	0.78390154
TNFRSF17	0.0	0.00782644	2.79785796	4.37293085	0.0	0.0	2.29285794	0.07605286	2.87894403	0.0	1.71211483	0.0	0.0
BLK	0.0	0.0	0.33974872	1.44276062	0.0	0.0	0.15426496	0.0	1.71059716	0.0	0.05069311	0.0	0.0
BLVRB	5.3669353	3.99054037	4.51570075	3.45346202	2.5631877	3.6288985	4.35790299	4.34775483	4.37081544	4.77115246	3.82595664	4.11352404	4.65276483
ZFP36L2	3.68692562	3.23840531	4.99082964	4.67453681	4.60467345	3.58489606	3.13896644	4.89215496	4.64757161	4.94111123	4.13310844	3.26997285	4.97441758
BST1	0.0	0.77159521	0.07320022	0.0	0.26639784	1.42194979	0.99989632	1.44756468	0.01274858	1.61680203	0.60768007	0.0	0.0
BST2	0.05426963	6.32277873	5.54746789	4.91830733	4.65512513	6.0924616	3.68430903	4.28687796	3.28426776	4.09032199	6.45630723	3.62544033	6.17398684
KLF9	1.29641173	1.17700528	2.22783242	2.53933744	1.84425543	1.79599292	2.15607846	2.42362209	2.2755435	1.89048936	0.72189659	1.23055388	3.1658969
MPPED1	0.0	1.57269983	0.01555408	0.0	0.0	0.0	0.0	0.0	0.0	0.0	0.0	0.0	0.0
CALB2	0.0	0.0	1.14318939	1.4118735	0.12581099	0.0	0.0	0.0	0.0	3.32168352	0.0	3.24012349	1.49494491
CAMLG	4.53557274	3.22360036	3.31639487	3.08019039	2.90095585	2.16471033	1.44588315	3.56355519	3.09375746	4.02001918	3.04533956	1.0211011	3.51319943
CAPS	0.28170269	0.49904219	0.94632174	0.09083738	2.94864955	1.54465694	0.84346194	0.20844786	0.0748624	1.61056771	1.13927427	0.98511692	0.11414004
CAT	3.35938665	2.7977712	3.54908913	3.17817504	4.04434689	3.61159862	3.23619694	3.9200223	4.40722763	2.98341763	4.16351297	3.10567913	4.26168066
RUNX3	0.12527626	0.26167722	3.44256409	3.71049416	1.26680436	1.88923181	0.00955421	3.20898392	3.68887945	1.61533354	2.70552479	0.24245586	3.26137786
CD1A	0.0	0.18603489	0.0	1.59297588	0.04668949	0.0	0.0	3.8374727	0.88967552	0.0	0.0	0.06473381	2.08159831
CD1B	0.0	0.0	0.0	0.0	0.44793997	0.0	0.0	1.09854693	0.0	0.0	0.0	0.0	1.26797141
CD1C	0.0	0.0	1.06610771	3.21656771	1.99012396	0.0	4.74768312	3.21158658	4.22507487	3.7235119	1.34138416	0.01857639	0.23255368
CD1E	0.0	0.0	0.0	1.40605242	1.63451078	0.0	2.58405793	3.81915064	3.4104625	0.0	2.02555717	0.0	2.98494705
CD2	0.04364876	0.0	4.67401278	3.5563761	3.22132706	0.0	0.21349717	4.34037709	2.26180241	0.0	5.07201989	0.02041518	1.87236146
CD3D	0.05025429	0.01118719	5.13292468	3.63699268	3.31545484	0.0	3.14675234	4.50711841	4.27490619	0.10865942	5.74163794	0.04700285	4.54888839
CD3E	0.0	0.0	1.6412508	1.42245094	0.55398252	0.0	2.39118188	1.96785252	1.78132789	0.0	3.8673394	0.01734864	1.86436198
CD3G	1.10512947	0.0	4.70710457	3.69959457	2.90263152	0.55500406	3.97417869	4.27091979	3.83725879	0.03880257	5.95526553	0.08560414	4.17826784
CD6	0.05826891	0.0	1.07278615	0.39363787	0.31084396	0.00634347	0.0	1.08227033	0.80580178	0.0	1.96498889	0.0	1.35957697
CD8A	0.28344233	0.0	1.33826742	0.62106513	1.85120027	0.66061057	0.00518653	3.54896922	0.02496869	0.12835497	3.92390876	0.02286167	0.24116206
CD8B	0.0	0.05218575	0.0	0.00217944	0.0	0.05286349	0.0	0.39548079	0.0	0.0	3.37928687	1.49724858	0.09365592
CD19	0.0	0.0	2.81633077	3.38322472	0.0	0.0	0.53438589	0.00586512	3.60532863	0.0	0.74193734	0.0	0.0
MS4A1	0.00383878	0.0	5.81394496	6.87737217	0.06876686	0.0	6.08079781	4.25390635	6.76224406	0.23730369	3.36826088	0.0	0.96974533
CD28	0.0	0.0	3.23650333	1.21031628	0.04862873	0.0	0.0	2.0643279	1.07235871	0.0	3.07451265	0.00560924	0.0
SIGLEC6	0.0	0.0	0.0	0.0	0.0	0.0	0.0	0.0	0.22991304	0.0	0.40390834	0.0	0.0861777
SCARB2	4.23124847	3.19755004	2.5874795	1.68245178	4.08995642	4.09208877	3.6278016	3.4762139	2.75664867	3.79632909	3.86435122	3.05388325	2.79755846
CD38	0.00651718	0.03578074	3.48582002	4.86875748	0.26989775	0.0	2.9983289	1.86938599	3.46166513	0.3435897	4.23319063	0.04938523	0.53755607
CD68	0.35119844	1.88677199	1.13904502	1.7434919	2.24245717	1.10469763	0.49127576	3.19686276	2.22501103	2.32502703	4.4769409	0.98465007	3.57853178
CD70	0.0	0.0	0.0	0.73428912	0.0	0.0	0.0	0.05233197	1.36455023	0.0	0.0	0.0	0.0
CD72	0.1762132	1.50121616	2.11119552	4.05353204	1.3556604	0.36779471	3.65831715	1.44094964	3.65514705	0.46918808	2.31926193	3.22614931	0.47397301
LRBA	3.1935738	2.71536859	3.35779135	2.87831962	2.72276625	3.0346345	2.50872083	2.01495531	3.00443019	1.84234237	2.99474846	2.49825467	2.21434983
CDC5L	2.55952045	2.44611323	2.80759383	3.2877436	3.6791244	3.37465338	2.74534599	2.77381346	3.40971447	2.64996041	2.31597834	2.88800785	3.40331635
CDC6	0.86451149	1.064218	3.91882683	4.19471081	4.30499915	4.93160239	2.52665621	1.99251038	2.35605432	0.34728315	2.0299011	0.00498754	3.49175801
CDC25C	0.29410372	0.71478636	1.78311864	3.04627847	1.73420217	1.31592067	0.0	0.56431063	0.46385268	2.51944809	1.86524225	0.01365633	0.25605067
CEACAM5	0.0	0.76338927	0.67817073	0.0	5.19169711	1.48828231	1.46639861	2.82851953	1.28506576	0.0	0.0	0.0	0.0
CENPF	1.69215161	0.52610121	3.4501334	4.78841707	3.11694445	3.29046895	2.9101526	3.18230947	3.6600674	0.87926587	2.98750687	0.96174199	3.75255823
CEACAM3	0.0	0.0	0.0	0.0	0.0	0.0	0.0	0.0161435	0.0	0.0	0.00349389	0.0	0.0
CEACAM8	0.0	0.0	1.20540421	0.0	0.01664044	0.01123535	0.0	0.0	0.50362999	1.08342508	0.0	0.13976194	0.0
CHI3L1	0.04585546	2.26932373	0.0	0.0	0.0282415	0.0	2.90965137	2.57645158	1.83812081	5.35489288	4.55107472	5.90419802	6.59411619
CHIT1	0.0	0.78748286	0.0	0.0	0.0	0.49612063	0.0	0.00176315	0.0	0.0	0.12619203	0.0	0.0
CLC	0.0	0.0	0.45090346	0.0	0.0	0.0	0.0	0.0	0.0	0.0	0.0	0.0	0.0
CMA1	0.0	0.0	0.0	0.0	0.0	0.0	0.0	0.0	0.0	0.0	0.0	0.0	0.0
CCR3	0.0	0.0	0.01608614	0.0	0.02212628	0.0	0.0	3.48239176	0.00470589	0.0	0.02420469	0.0	0.0
COL8A2	0.0	0.21309322	0.0	0.0	0.0	0.0	0.0	0.22282978	0.0	1.62710698	0.14410034	0.00312013	0.7406378
CPA3	1.46610035	0.0	0.0	0.0	0.37646095	0.00350036	0.0	0.0	0.00639461	0.0	0.0	0.0	0.0
CR2	0.68173617	0.00231874	1.88575839	3.47184787	0.0	0.0	2.96827885	0.24163813	3.92493551	0.00520383	0.0	0.0	0.0
ATF2	2.44408466	2.92110494	4.60545123	4.27037872	3.21933674	3.24692548	2.97146007	3.58028386	4.0249237	3.77026908	4.10557295	1.46816233	4.08447786
CSF1R	1.03769115	1.19678633	0.0	0.05895478	0.13710551	0.23038996	1.42609183	2.15644797	1.86329	0.3724627	3.61867156	4.07650937	0.26933293
CSF2	0.4212375	0.0	3.77213322	0.0103103	0.90174477	0.0	0.0	2.8702024	0.02717457	0.0	3.77991916	0.0	0.0
CSF3R	0.0	2.77236548	0.00539085	0.0	1.15431956	3.7369984	0.37486843	0.73189644	0.60689024	2.80635983	3.21942901	2.05939826	0.07696104
CTLA4	0.0	0.0	2.99993963	3.1830263	0.93808539	0.0	0.0	2.4379041	2.14588715	0.0	3.13276586	0.0	0.0
CTNS	1.70921363	1.09616883	0.79506936	1.10477508	1.33424253	0.58930067	0.0	0.9836928	1.38327093	1.54728495	2.10914192	0.00623055	0.19212186
CTSG	0.0	0.0	0.0	0.0	0.0	0.0	0.0	0.0	0.0	0.0	0.0	0.0	0.0
CTSK	1.77044416	0.0	0.77073365	1.93669903	4.6217056	0.53215497	1.93666757	3.78594389	3.09856129	6.73024785	3.96362192	3.58760779	1.31078681
CTSW	0.0	0.00320913	2.70570511	0.04201401	1.85433632	0.0	0.0	3.26383419	0.34546136	0.0	5.03755307	1.03362922	0.0
CYBB	0.58821392	1.20826714	3.0631762	3.56718423	1.72349273	0.01916581	2.20651462	2.85702223	3.7705203	2.88322065	4.63718229	2.02921676	1.70226567
GADD45A	2.56471264	2.3547878	3.09538192	2.85976675	3.57229803	1.0081001	0.11118353	4.08961444	2.54788145	1.98447369	0.72851432	1.62444967	2.90789411
COCH	0.0254428	0.15180098	0.62940114	2.20483193	0.66198879	0.20002113	3.24900922	0.82880866	1.510472	3.41471431	0.01110478	0.01180505	0.6181297
DHFR	2.38985605	2.11730918	2.50911574	4.25474063	1.56670732	1.91787708	2.63542216	1.95580501	3.07080474	1.16219927	2.13996812	0.85547859	2.64778536
DPP4	0.9018797	0.0	0.00296856	0.36666128	0.47095656	0.00142755	0.0	0.90477368	0.95971161	2.78886853	3.30716139	0.00498754	0.0
TSC22D3	3.44340918	4.05743047	4.72082242	5.57252451	3.20264998	4.02820476	4.96300685	5.55629419	5.95758869	2.47126328	5.434872	3.61835639	4.43369145
DTNB	0.95802308	2.05508481	1.49162785	1.64855372	2.76520987	2.14576418	0.0	3.0222501	2.62550226	3.82106075	1.91858789	1.62420336	2.81475527
HBEGF	1.97813264	3.16440455	3.40897785	1.72357796	2.46047213	1.13754158	1.30660159	4.16396208	3.4644497	2.9252165	2.43235525	0.31023826	0.0
DUSP2	1.06112341	2.59574766	2.11240572	3.67918259	3.00927574	0.52787427	1.02245093	4.16260165	3.55981784	3.43415549	3.61438936	3.54273311	3.60004824
DUSP4	2.30042892	1.14188841	2.9708856	2.0334214	2.60789894	3.24729415	0.60649937	3.34672739	3.23254797	0.49204161	1.80662071	1.45788801	0.34745071
DUSP5	0.91536723	3.13947696	3.44198478	3.36067206	3.68024055	3.05447277	1.95908019	4.21049082	2.96153139	0.00736412	4.08415392	0.02834447	1.96914462
EMP1	0.00728112	5.09164018	2.90263855	2.36779384	4.70212155	2.41189365	3.91902245	5.04381973	3.98633554	5.10417051	3.25012252	4.79734409	4.47554803
EMR1	0.11812486	0.0	0.0	0.0	0.27338545	0.0	0.0	0.0	0.0	0.0	0.91281804	0.27810511	1.22029344
ERBB2	2.08991535	2.65998477	3.53032721	3.30867664	4.61601792	5.63271556	4.61316613	2.18519169	2.25347412	2.86287146	0.82241952	1.74145253	0.38464378
EREG	0.03848079	0.00552045	1.13366633	0.02282835	5.05744772	0.0	1.3314157	2.87925353	1.69668825	0.20736759	3.69882566	2.28785209	3.24305389
F13A1	0.0	0.0	0.0	0.33021896	0.00405955	0.0	0.00598207	0.82795227	0.0	2.5991084	4.67776988	2.08993319	0.0
FABP4	0.0	0.0	0.04672884	0.0	0.54547266	0.0	0.0	4.69392954	0.08911608	0.0	0.0	0.0	0.0
FCAR	0.0	0.0	0.0	0.0	0.29935101	0.0	0.0	0.0	0.0	0.06643889	0.0	0.0	0.0
MS4A2	0.0	0.0	0.0	0.0	0.0	0.0	0.0	0.0	0.0	0.0	0.0	0.0	0.0
FCGR3B	0.0	0.0	0.0	0.0	0.0	0.0	0.0	0.00058806	0.0	0.05003163	0.65993505	0.07522342	0.0
FDX1	2.39179277	1.36918453	1.96529631	1.64865863	0.69229936	2.16805877	2.06163392	2.08452663	1.6135051	1.60761016	1.68904976	2.34180581	0.8548021
GPC4	0.00575265	0.62460064	0.13528661	0.0	1.14842426	2.23118673	2.01426282	0.35120905	0.00207332	0.0	0.31978618	0.69252199	1.03350795
FOXJ1	0.0	0.48495821	0.0	0.0	0.24646275	0.0	0.0	0.00586512	0.0	0.07696104	0.0	0.0	0.0
FLT3LG	0.74522863	0.0	0.0	0.19631411	0.5999534	0.09590032	0.0	0.53039754	0.0	2.0606243	1.62770341	0.0	0.0
FN1	1.97183492	2.65574135	1.19653984	2.24480189	4.80750898	3.99868908	3.69221389	4.95474943	4.97537824	6.77994562	6.23369413	5.30651802	6.73210451
FPR1	0.0	0.04572424	0.03948055	0.0	0.08197044	0.0	0.93011474	1.94711391	0.00583202	2.33555723	2.86627827	0.86841265	0.41331302
FUT5	0.72326595	0.69323646	0.2512844	0.4918096	0.37739108	0.76080583	0.57683806	0.41535072	0.32372284	0.58294404	0.4670827	0.54196085	0.78348635
FZD2	0.0	0.46440764	0.0	0.0	0.00203183	0.0	0.01941039	0.0	0.0	0.04089156	1.06396333	0.0	0.0
GALC	0.0	2.14712105	0.67170267	0.19302168	1.26283316	1.33092579	1.73059303	2.41006689	1.5069663	1.18372573	1.45877005	1.85854157	0.17700442
GATA2	2.27097534	1.74739699	2.25294051	0.99473216	0.94962715	1.46550755	1.12076509	2.45493583	1.18571276	0.26035556	0.0	0.0	0.0
GATA3	3.9906991	4.36620798	3.55701463	2.97406281	0.41289506	4.86426337	1.87081708	3.31328007	2.85024833	3.39977608	1.81642498	2.76091934	1.16796873
GGT1	1.33094427	2.08513956	2.26238228	1.87565489	2.15170308	2.82484381	2.22928295	2.20035692	3.85832762	2.67117572	1.91900378	3.19268584	0.0
GLDC	0.0	0.16475749	0.99425227	0.1811087	0.09500197	1.67590639	1.73278765	0.0	0.39839616	0.30588496	1.76849084	0.0	0.0
GM2A	1.9179967	2.25655985	2.36141478	3.04876451	3.03951395	1.34133775	2.08109018	2.27505267	3.39312717	1.805791	3.16058972	1.72644287	1.7042521
GNG7	0.20826417	0.98040506	0.15515404	0.4779267	0.24048386	0.64900529	0.03343478	0.70270916	1.15206363	1.28539249	0.06375697	1.10814999	0.20479441
GRB7	0.7386352	0.97718423	4.03714958	3.15031663	4.48909903	5.07251118	2.27599468	1.41704225	2.22964915	0.42753853	0.001998	0.06531947	0.01801851
CXCL1	0.88456188	0.02608537	0.04285236	0.0	6.33744711	0.0	5.56777946	4.24581659	0.17045902	0.0	3.56628329	1.71974866	5.32489291
GSTA4	0.0	2.59021806	2.64982922	3.06617379	3.21317145	4.89846182	2.47794917	2.57270203	3.426718	0.57416778	1.74827189	4.67145523	3.1406194
GSTT1	3.84878005	4.14622801	0.0	0.0	0.01212953	0.0	0.0	0.0	0.0	2.761797	0.0	0.0	0.0
GTF3C1	1.77122965	2.36453657	2.71374566	2.44846268	2.6768685	1.91827769	1.99301181	2.8659027	2.42117284	3.48643061	2.14626261	2.05580501	2.64591687
GUCA1A	0.00537017	0.0	0.05571593	0.00778778	0.00473454	0.0	0.0	0.0	0.0	0.0	0.0	0.0	0.0
GZMH	0.0	0.0	0.02640505	0.00706589	1.21596837	0.0	0.0	0.27316545	0.0097635	0.0	5.15421987	0.0	3.06792608
GZMA	0.0	0.0	0.0	0.0	0.02096513	0.0	0.0	1.44488693	3.80338669	0.0	5.43446481	0.01857639	2.98531456
GZMB	0.0608056	0.01400856	0.08468886	3.71272026	4.77768392	0.0	0.0	4.82200367	1.33251536	0.0	7.33539232	0.28329747	2.27343712
GZMM	0.0	0.0	0.0	0.0	0.0	0.0	0.0	0.51493482	0.03813159	0.0	0.0	0.0	0.0
HIST1H1C	4.76805078	4.17710062	5.14135531	4.85948677	3.27193772	2.40692171	1.83647786	3.9618733	4.37078205	2.87873426	3.97226795	2.87211585	2.70610892
HDC	0.0	0.00835783	0.0	0.0	0.0	0.0	0.0	1.75382682	2.44957271	0.0	0.0	0.0	0.0
HELLS	2.48156775	3.06352442	4.47041179	5.13331407	3.77383186	3.68152128	2.96089235	4.30278181	4.01573688	0.05744823	2.78260093	2.50853162	3.61767635
HLA-DOB	0.0	0.0	3.9387123	4.5671133	1.84098	0.0	4.16171033	1.92218556	4.32338516	0.77712861	2.99936733	0.0	1.90454688
HLA-DQA1	0.0	0.40188729	5.13014816	6.28856092	3.36967173	0.00103842	5.53881663	5.57081115	5.85704435	2.82651577	5.72163331	5.00501537	4.764882
HPGD	1.41417139	0.41470798	0.0	0.0	0.05442398	0.0	0.0	0.0	0.0	0.0	0.4928653	0.0	0.0
HES1	3.0910949	3.28699498	2.34592931	2.6754644	3.23712856	3.3133214	2.24453216	3.30126149	3.05655221	3.81944041	1.62064158	3.13007193	3.83231055
HSD11B1	0.20262682	0.2603017	0.33492664	0.0	0.02378273	0.21059765	0.0	1.82511839	2.34522882	0.0	3.35809849	0.01427266	0.0
DNAJB1	2.79352193	4.72206394	5.75241904	4.97666477	5.46867927	3.75086907	2.31656689	5.34960953	5.01242489	3.90330687	4.6655689	4.4220358	5.1469658
IDH2	2.97342767	2.38197374	2.67877911	3.10315067	5.28310134	3.64814877	0.80522508	3.06131804	3.51147222	2.43155174	3.70076273	2.74867218	4.02187162
IFNG	0.0	0.0	2.28108535	2.52552499	0.05986661	0.0	0.0	4.65415268	4.31441926	0.23970136	5.55388809	0.05826891	3.81717272
IGFBP5	4.09804284	3.03346665	0.26734146	0.14323417	2.56389274	1.31019139	2.3965125	1.70307111	2.19352803	3.10997281	1.01854643	3.00685766	3.02899119
IL3RA	0.0	0.0	0.05494877	0.73611959	0.14064586	0.27694279	0.0	3.17128259	2.29783799	0.0	4.55683042	0.0	0.0
IL5RA	0.0	0.0	0.0	2.06490457	0.00827079	0.0	0.0	0.0	0.0	0.0	0.0	0.0	0.0
IL8	0.88551427	1.46746281	3.63742256	3.15863159	8.14196882	2.49440683	1.53212481	5.54685725	4.61500656	4.0774269	3.90347323	6.08775294	1.02473739
IL12RB2	0.1088544	0.21367025	0.0	1.58040225	0.16105175	0.11483497	0.0	0.24517361	2.17856092	0.0	1.65590793	0.0	0.32471508
KAL1	0.62470361	2.07440657	1.90998285	0.64060909	2.55054361	1.75037364	0.0	0.36532371	0.02349539	0.10004205	2.65018566	0.00871194	3.30914854
KCNH2	0.33040994	0.0	0.0	0.0	0.65223691	0.10013912	0.26390154	0.0	0.0	0.06440264	0.0	0.0	0.0
KCNJ15	0.00728112	0.0	0.07194347	0.0	0.0	0.09116939	0.00558438	1.97129938	0.0641257	2.71080004	0.33062182	0.0	0.0
KIR2DL3	0.0	0.0	0.0	0.0	0.00860692	0.0	0.0	0.0	0.0	0.0	1.91033232	0.0	0.0
KIR3DL1	0.0	0.0	0.0	0.0	0.0	0.0	0.0	0.0	0.0	0.0	2.08173059	0.0	0.0
KIR3DL2	0.0	0.0	0.0	0.0	0.0	0.0	0.0	0.57782435	0.0	0.0	1.75056125	0.01488861	0.38216546
KIT	0.0	0.0	0.00485307	1.29348106	2.09606114	3.43390341	0.0	0.4681637	0.00451808	0.0	2.78764152	2.79124179	3.2707435
KLRB1	0.0	0.0	1.41808107	0.64357489	0.02212628	0.0	0.0	1.66877913	2.25464268	0.0	1.45157479	0.0	0.0
KLRD1	0.94823653	0.32518428	0.39750559	0.0	1.4932849	0.0	0.01941039	0.07168206	0.0	1.96315196	4.16722063	0.00809217	0.8466483
KPNA2	4.28684914	3.89244692	6.45975218	6.9651164	5.39367993	4.45519864	4.51399305	5.24501587	5.38996562	1.09600018	5.20230652	3.26947388	5.95678369
KRT86	0.02768999	0.18113037	0.0	0.0	2.8705341	0.11158784	0.29802836	1.07366311	0.01032388	0.17249078	0.00249688	0.13867439	0.03044103
LAIR2	0.0	0.0	0.0	1.13713346	1.11196902	0.0	0.0	3.58645037	0.14614025	0.0	2.42045701	0.40254418	0.0
LCK	1.01620568	0.0	3.98215901	3.6110555	0.26925054	0.11737891	1.40580283	2.30385879	3.26629218	0.16477725	4.54135141	0.0	3.19889573
LTA	0.0	0.0	1.89891567	2.70413953	1.24795725	0.0	2.87915351	2.16672045	2.8704578	0.01852304	4.05804934	0.0	0.04879016
CYP4F3	0.0	0.0	0.89476337	0.16381809	0.92311485	0.79375617	0.0	0.0	0.0	0.0	0.49875304	0.0	0.0
SH2D1A	0.0	0.0	3.68796688	3.04696102	2.20823716	0.0	0.0	3.61663551	3.42386309	0.0	4.2433104	0.0	3.02973837
TACSTD2	3.73905145	3.47788281	3.07181706	1.96047883	2.82825591	3.15919199	3.90844862	5.13681522	4.35524186	4.66074062	1.87282729	3.66500291	5.66513929
SMAD2	3.94773164	3.25575864	3.60610724	3.88733903	4.27858753	3.59068655	2.54468385	2.91907354	3.59755002	4.59195719	1.75463434	2.51411142	3.76045988
MAOB	0.0	2.638547	3.75703684	2.9923356	0.01396976	2.2575198	0.0	2.54175637	0.14385528	0.3435897	1.10856262	3.03971925	3.712485
MB	0.10539898	1.70552701	1.31030312	0.60530902	1.37560181	2.40051286	2.13269791	2.73502937	3.01571062	3.30849395	0.10451015	4.44320258	0.0
ME1	2.75346471	1.43487192	0.0	0.0	1.71961393	2.39646568	0.98939248	2.1009248	2.17676513	0.11410478	2.37358706	1.01069141	3.26284051
MEF2C	0.78108761	0.82229397	4.21515404	5.04798363	0.63325322	0.0	3.73738386	2.79450369	4.39526178	0.01167076	3.41494687	2.80188202	3.15904861
MME	0.07517883	0.0	2.05245915	3.68749668	0.12071658	0.0	0.51855567	1.05314991	3.68770896	0.50864934	2.67678884	0.0	1.93323273
MMP12	0.0	0.00676279	0.02165571	0.0	3.57255034	0.0	0.0	0.25159761	0.0	0.0	2.9343532	0.01427266	3.45016069
MPO	0.0	0.0	1.54514441	1.66316823	0.00776637	0.0	0.01113774	0.47073865	0.00226159	0.0	0.0	0.0	0.0
MSR1	0.0	1.97663233	0.00377664	0.01390291	2.19278914	2.77056557	0.28728199	2.03190794	0.00901584	0.0	4.63219017	3.80282179	0.0
NAP1L4	3.93045214	3.92609144	4.40573986	4.54112221	3.89233556	4.55925543	4.21115527	4.68239989	4.49920362	3.68869465	4.25233073	3.91259784	3.96342448
CEACAM6	0.05098555	4.26627502	1.88127896	0.56758396	6.58680196	4.2222065	5.71366548	4.06910384	3.8573556	0.15626025	0.93262329	0.01734864	0.0
NKG7	0.0	0.02259983	3.00914196	2.16231939	3.48104711	0.0	0.0	3.92324607	4.23275202	1.70482714	6.92642442	2.71390801	4.11135065
NPR1	0.0	0.0	0.0	0.0	0.00759818	0.60976557	0.0	0.0	0.95318654	0.0	0.0	1.27448951	0.0
OAS3	1.09912498	2.4417568	0.74450804	1.89300243	1.69486895	1.15246076	0.76676932	2.10876236	1.56570287	2.20999296	3.69643831	0.48742905	2.47125326
PDE4B	4.11426659	0.97050832	2.79201038	2.78304523	3.97644182	3.1937578	2.23533356	4.56894342	4.61659337	1.90074385	3.84377628	2.56181946	5.45726173
PF4	0.0	0.0	0.0	0.0	0.0	0.0	0.0	0.0	0.0	0.0	0.0	0.0	0.0
ABCB4	0.0	0.36265702	3.27663466	0.25900197	0.39923103	1.29326729	2.23289198	1.61413276	1.6786119	0.02150621	1.79048087	0.0	0.0
PHEX	0.28402153	0.66883619	3.72797022	3.17275954	1.04618841	0.92811663	0.0	1.74300852	1.56016839	0.14691963	1.0627548	0.06940945	0.0
PMCH	0.0	0.0	0.57265778	0.02619924	0.0	0.0	0.0	2.31728051	0.66579538	0.0	2.33838651	0.0	0.0
PNOC	0.0	0.0	2.33458123	4.09234863	0.0	0.0	2.00622548	0.53878406	3.54183944	0.0	1.0059486	0.0	0.0
PPARG	1.18396631	0.02643326	2.2115953	1.18728894	0.41703632	0.97058212	0.02137003	1.16498736	0.58935776	0.26269866	2.31022252	0.0	0.0
MED1	2.00847213	1.73216111	2.35420266	2.56473955	4.38188679	2.6531688	3.60021216	2.47742777	2.99467511	2.14093535	1.38658599	0.58535315	2.52150154
PPP1R2	4.3188308	3.70433968	4.59511439	4.47841475	4.29094922	4.0333921	1.15851508	4.73422712	4.6763511	3.20371805	4.16060816	1.64420159	5.00311619
PPP2R5C	5.59839917	5.14564476	5.96059706	5.98743371	4.8460804	4.99969602	5.58852874	5.93724696	6.31317677	4.45194806	5.79230299	5.01343138	4.78446444
PREP	1.80107492	1.76897203	1.43816857	1.27470235	2.44168359	2.40749486	1.11854563	2.21220978	0.60410974	1.5965729	3.22683077	3.10629486	0.54232429
PRF1	0.01071166	0.0	0.46237324	0.29049629	0.87941574	0.09542824	0.0	1.40859291	1.55420439	0.0	4.52496108	0.0	1.18812055
PRG2	0.0	0.21251585	0.0	0.15902191	0.01045364	0.0	0.0898407	0.04242072	0.12338576	0.0	0.22580667	0.1553999	0.0
PRKCQ	0.07017166	0.0	2.44513984	0.32720868	0.56357887	0.0295588	0.0	0.42603637	0.69578521	0.0	2.33829002	0.0	0.0
PSMD4	4.5494013	4.77098119	4.59277476	4.77609523	4.87488287	4.37218289	4.67433798	5.25153607	5.37917455	5.42306738	5.16852564	5.7225388	6.03569455
PTGDS	0.0	0.67531048	0.35767444	0.0	0.0	0.41391416	0.0	4.3654488	0.12704816	0.2262691	4.68578042	0.0	0.0
PTGIS	0.0	0.0	0.91974422	0.0	0.56222739	1.38036774	0.7915435	1.3691881	2.60786147	2.05256176	0.0	1.60190965	0.13580154
PTGS1	1.81932475	0.0	0.69584624	0.40291641	0.32881588	0.92642106	0.00796817	1.03402148	1.49856959	0.67139047	1.59388425	0.31799908	0.03308303
PTPN13	0.57855616	1.35951028	1.05034901	0.38278562	3.49076434	2.31802374	3.24978517	0.76583257	1.16090773	0.98532998	2.8061746	0.03922071	2.26062609
RAP1GAP	0.74028763	0.77076938	0.18659171	0.46396269	1.05684823	1.04197322	0.031111	0.1855842	0.21038324	1.04380405	0.0	0.0	0.17318907
RBM3	5.05437733	4.76698226	5.37117591	5.6110902	4.74707427	5.13486752	4.31899631	5.39453177	5.71106283	4.92340255	4.91199781	5.0370013	4.75232764
RNASE2	0.0	0.0	0.0	0.0	1.34578129	2.02796026	0.0	2.09941236	0.0	0.0	1.22837269	3.03534354	0.0
RORA	1.0447516	1.66965909	3.23416377	2.10055792	2.52124403	1.2103937	1.6051889	2.99742692	1.95380344	1.65781391	3.71635275	0.03077166	3.27882428
RPA1	2.74623487	2.85076843	2.53829797	4.00776945	3.01901008	2.87664157	2.58716235	2.21724077	2.86366611	2.6260539	3.17964284	3.2847806	1.92238893
RPL19	7.70534598	7.17694878	6.90504783	7.28667927	8.95788402	7.53584904	8.61806707	7.02022225	7.31157085	7.76411211	6.97089485	6.3546048	6.82247463
RRAD	0.0	0.00835783	0.4955199	0.13246264	0.31654127	0.02399551	0.0	1.76335327	0.46230901	0.76950417	0.04098198	1.21602489	0.0
S100A12	0.0	0.0	0.0	0.0	0.63908467	0.0	0.0	0.0	0.0	0.0	0.0	0.0	0.0
SCN3A	0.0	0.0	0.8433131	0.13262189	0.10405458	0.00155723	0.01311364	1.16161777	0.13383795	0.22696234	0.0202927	0.04640637	0.01891096
CCL1	0.0	0.0	0.0	0.0	0.0	0.0	0.0	0.0	0.0	0.0	0.0	0.0	0.0
CCL4	0.0254428	1.74885818	0.22767381	4.30518977	4.51420091	0.0	0.01901801	4.7404892	5.06215668	4.65186291	7.92131681	6.35551938	5.19433973
CCL7	0.0	0.0	0.01315632	0.0	3.60113129	0.0	0.0	0.0	0.0	0.0	5.1937223	0.05885836	0.0
CCL13	0.0	0.0	0.0	0.0	1.01498501	0.0	0.0	1.65234714	0.0	0.0	5.77328729	0.06062462	0.0
CCL17	0.0	0.0	1.07176872	0.19122123	0.03005235	0.0	0.0	0.05140113	0.0	0.0	0.0	0.0	0.0
CCL22	2.18721741	1.33922147	2.05568177	1.47005045	4.2791583	0.0	0.11118353	4.24414968	3.8126529	0.00995033	0.00216432	0.00871194	2.80704504
CXCL5	0.0	0.0	0.0	0.0	0.6189349	0.0	0.0	0.0	0.0	0.0	0.0	0.0	2.46933144
XCL1	0.0	0.0	2.34445303	1.85624117	2.98852842	0.13500758	0.0	3.46676479	0.00620711	0.0	2.12989699	0.01242252	1.89830111
SGCB	3.25330698	2.41811162	0.01448912	2.00170111	1.97666713	1.83351609	1.88166111	3.27327488	2.53291783	2.5792282	1.77124492	1.87841488	4.02255558
SCG5	0.0	0.07910821	0.02772033	0.44386964	2.053776	1.62264896	0.0	0.50858783	0.0	0.0	2.63245223	0.0	0.0
SIAH1	4.05927522	2.96254475	3.49741624	3.47260431	3.16532485	2.37712618	0.86288996	3.18543664	3.08137322	1.97335613	1.61843069	2.70257692	3.35822662
SLC15A2	0.0	1.40069904	0.8568276	2.03053773	2.78821806	1.76803879	0.87796562	2.14677945	1.15128827	0.07211842	0.06156536	0.35417181	0.0
SLC18A2	1.57484647	0.24420589	1.28796612	0.4746519	2.08544046	2.32538805	0.15014266	2.72786564	2.0394054	2.09035998	2.01933762	0.78132975	0.85596152
SLC22A4	1.87310311	1.49370634	0.15074721	0.0	0.13310757	0.0	0.0	0.75280247	0.09170162	1.29829435	0.00482169	0.0	0.39816581
SNRPD1	4.20736413	4.16831945	4.62107812	5.22684089	4.5093609	4.43732925	4.44176145	4.53803274	5.10420926	4.54158657	4.60483846	3.99331493	5.21090591
SPIB	0.0	0.0	2.74974533	3.39586196	0.00422834	0.0	1.37967248	1.84204245	2.89380402	0.66268797	3.248098	0.0	0.03132247
SPN	0.0	0.61170468	1.21411043	1.76830473	0.30048117	0.0	1.93210095	2.19360146	1.88952518	0.145417	2.04370641	1.86678964	0.47057165
SULT1C2	0.0	2.3618811	0.00780728	0.0	0.60505664	0.85264532	0.0	0.03525358	0.0	0.0	1.41734881	0.0	0.0
VAMP2	1.98137275	1.7196367	0.55605734	1.60586791	1.63040304	1.40883071	1.1056541	1.42777496	1.62590535	2.66955039	2.84406601	2.14607747	0.61714931
XCL2	0.0	0.0	2.55172298	0.44864069	3.23815322	0.0	0.0	4.11960453	1.75495847	0.0	3.24401712	0.0717391	0.95060432
TAL1	0.0	0.0	0.0	0.0	0.0	0.0	0.0	0.66299114	0.0	0.0	0.00116599	0.0	0.0
TBCC	3.12043151	2.06224088	3.10594317	2.55729778	2.62963047	1.74691605	1.9874359	3.72064883	3.37496963	0.30492388	3.23116006	3.28213227	3.69214684
TBXA2R	0.0	0.11587646	0.0	0.11170399	0.67112684	0.05900375	0.0	0.47708633	0.27419531	0.18304593	0.0	0.05767911	0.0
ZEB1	0.01829319	1.68920586	3.5123922	4.33470153	2.02408111	0.80007789	0.001998	3.92240035	4.06366164	2.75235829	3.18787351	0.0	4.59102516
TFPI	0.01829319	0.0	4.39745098	2.9309125	3.88043788	3.17931386	1.05779029	4.54494965	1.83309454	0.96350616	1.44511343	0.0	1.26129787
TGIF1	3.01850936	4.24744878	3.82393587	3.21753675	4.8158829	3.59223267	2.89805329	4.64198038	5.34176805	4.24570875	2.09502778	3.82749944	4.38492017
THBS1	2.14273229	4.19047151	3.68540722	3.48638487	2.98764884	0.00090868	0.52496519	4.8784356	4.65150451	5.02301344	2.88508931	2.24469111	3.93023792
THBS4	0.0	0.07646489	0.004315	0.0	0.40014022	1.16246064	0.00399202	0.0	0.0	2.38544657	0.0220876	0.0	0.45165449
TPSAB1	0.0	0.0	0.0	0.0	0.0	0.0	0.79822766	0.0	0.0	0.0	0.0	0.0	0.0
UBE2L3	4.88831409	4.55357421	4.71903685	5.04412399	4.92298396	4.80158248	5.13097506	5.19052907	4.931298	3.82234563	4.64209178	4.17724856	5.17481345
SF1	3.15780206	3.25723765	4.24822107	3.7338702	3.37474899	3.60999084	4.16406961	4.51202668	4.46373704	4.07548671	3.80137074	3.13858725	4.43155246
ZNF22	2.99178217	2.73213868	2.55923661	3.05765659	3.09809763	3.92176501	2.83377789	2.80167149	3.41462879	3.18029769	3.04675011	1.47975624	2.2107688
ZNF91	4.29879134	4.14869746	3.27720592	3.55518181	3.75621728	4.12432357	2.51711566	4.35540582	3.60914173	0.48937991	2.96978179	2.31049126	3.3655702
ZBTB16	0.0	0.0	0.30050491	0.5160845	0.03169573	0.0	0.0	0.09370461	1.22638025	1.08136292	0.0	0.0	0.0
ZNF205	0.0	0.0	0.04776003	0.0	0.33465461	0.34478637	0.0	0.38138669	0.0	0.0	0.0	0.0	0.0
LRP8	2.11944782	0.00178412	0.50730592	1.18206177	1.3451192	1.68399105	0.70051993	1.27886198	1.62998018	0.83366498	2.22202559	0.18906957	3.86258445
EVI5	2.26128221	2.02388636	1.58392605	1.68693753	2.22423869	1.93052336	2.28066663	2.52068063	2.0597922	2.8800286	2.05054898	0.19216875	1.2789116
SCG2	0.0	0.0	0.00887938	0.00453516	1.33896288	0.96386804	0.0	0.0	0.10843127	0.0	0.0	0.0	0.0
TCL1A	0.0	0.0	3.2206796	6.20426644	0.003553	0.0	5.41611818	0.23747178	4.80328771	0.14013994	4.52068471	0.0	0.0
TKTL1	0.0	0.0	2.53515435	0.19001913	1.68297187	0.0	0.0	0.97854724	0.15409677	0.0	0.01882175	0.0	0.0
DYSF	0.05826891	0.0	0.0	0.0	0.70460669	0.84441802	0.0	0.03638865	0.0	0.02913659	0.74368185	2.44229269	0.0
CDC7	0.48692693	0.0	2.23508724	3.73591483	1.5738283	2.42678903	2.01745975	2.01296651	1.75570857	0.0	0.20985566	0.03982149	3.88944271
HIST1H2BC	4.22319434	4.25702003	5.23937182	4.69753056	2.45673093	1.97034027	1.40580283	4.22480794	4.21395123	0.20418231	3.91017129	0.89685304	3.55633459
PLA2G6	0.13909282	0.51921887	0.02006756	0.80265364	0.49634845	0.70444674	0.0	1.09271257	1.41658563	0.01681436	0.30883183	0.03319297	0.11576079
PPFIBP2	2.5364403	2.31951244	1.73285072	2.39285781	3.92445724	4.49970721	2.43627647	2.69724696	2.90852877	1.00970188	2.03184754	3.4534933	3.92004529
PDXK	2.59114178	3.09398455	2.17643949	2.54016933	3.44030401	3.03869846	2.56368702	2.7753545	2.78602401	2.91357864	2.81984994	3.87975804	4.27311183
MADD	1.24149089	1.50518789	1.43231364	2.51508309	0.70912062	1.53630848	1.83654161	2.06385501	2.09785586	2.07470207	2.11271512	0.00374299	0.85053935
PDLIM4	0.03440143	0.94564147	0.0	0.0	1.51259096	0.07924319	0.27277146	0.67663912	0.0	2.03901575	0.01603738	0.71172357	2.44084393
SLC25A12	2.45721917	1.9650623	0.81344956	3.09500978	2.06613304	3.21633754	2.80961954	2.51494126	1.96914223	1.30915504	2.45386021	2.18302705	1.19061121
SKAP1	2.0157232	0.87233884	2.16530925	2.97662359	1.0448181	1.66397529	3.03474143	2.83805742	2.18594527	1.773256	3.7614869	0.80759131	0.0
MARCO	0.0	0.00445435	0.0	0.0	1.88297809	0.0	0.14254069	0.27286699	0.0	0.0	3.43521763	0.0	2.24293159
SIGLEC5	0.0	0.0	0.07696104	0.0	0.0	0.0	0.00598207	0.25144514	0.00882884	0.0	0.88768547	0.51095062	0.0
TNFRSF10C	0.04585546	0.80031856	0.0	0.0	0.36264017	0.46495846	0.0	0.0343067	0.0	1.97534834	0.26977265	0.0	0.0
FGF18	0.50751245	0.0	2.02405025	0.49934175	0.66939269	0.02652811	0.14979837	1.35714822	1.24697807	1.4420992	0.0	0.0	0.57661336
CD84	0.00192123	0.52757738	0.3124406	2.57226519	0.47654995	1.59628688	0.08947501	2.36807904	0.73941845	0.04796166	3.25604957	0.99925225	0.33647224
SYNJ1	0.59183828	2.70783589	2.08955911	0.74141773	0.62892499	2.18606587	1.40834935	3.36462153	1.97552129	0.72880805	2.3235635	3.44331853	2.93046622
MCM3AP	1.05283681	2.31368399	2.1238463	2.48593642	1.81931418	2.46868268	0.30040084	2.93869496	2.04449846	2.12807641	2.04659547	2.73192947	1.74777592
MGAM	1.35860688	1.32660122	0.0	0.0	0.00186267	0.21793521	0.0	0.00254578	0.0	0.0	0.11064652	0.00933133	0.0
CH25H	0.0	0.0	0.0	0.0	0.0	0.0	0.0	2.83652964	0.02349539	0.21230239	2.34929373	2.14899676	0.0
SYNGR3	0.0	0.0	0.0	0.79898031	0.10619068	0.36455292	0.01508564	0.67234405	0.03339828	0.03963869	1.0508799	0.0	0.04096744
DGKI	0.00076894	0.0	0.03609734	0.0	0.51007958	0.59476085	0.0	0.36817717	1.62661037	0.23593101	0.01521697	3.8431953	1.41563249
SLC16A7	0.00575265	0.00924287	1.30935494	1.74225087	0.0154729	0.0	0.07807154	1.35532967	1.08308353	0.25968509	2.29485529	0.0	2.29556048
CD163	0.65372645	2.59281303	0.17008483	0.0	2.37678023	1.06197525	1.19392247	1.92527861	0.00282619	0.0	5.83495108	0.35329424	0.0
ABCG2	0.0	0.0	0.0	0.0	0.78706965	0.0	0.0	0.26987745	0.0	0.45687434	1.13777958	0.0	0.0
NCR1	0.0	0.0	0.00887938	0.02229506	0.0	0.0	0.0	0.0	0.0	0.0	2.75047092	0.0	0.0
ITM2A	0.54008565	0.0	5.72531916	4.43524637	3.08120221	0.07708128	0.87746674	4.19398877	4.27988682	0.0	4.95084401	0.02834447	2.52638298
NR1D1	0.28864315	0.58808424	1.551637	0.77212639	3.80988892	2.06533274	0.04726519	1.60562674	0.32617683	0.0	0.00846408	0.07290189	1.17248214
CREB5	3.47833647	0.0	0.68446092	1.77931877	2.80885119	2.19540474	1.45020769	3.26889772	3.77939686	0.85107952	0.56484021	2.95546351	3.41885868
SEC24C	2.92493833	1.67251331	2.62603859	2.89212779	3.549632	2.81162991	0.90938696	3.24406186	3.44309955	1.04073751	2.50416447	2.44782116	2.26592111
MICAL2	2.85425733	2.79311325	1.3336488	0.18791196	1.40584771	2.1314732	0.46624658	1.95699692	2.84415219	2.10810294	2.06686276	0.0	2.19489864
KIAA0125	0.0	0.0	0.43650973	3.39155712	0.0	0.0	1.72789628	0.0	2.44341292	0.0	2.83941954	0.0	0.0
TECPR2	1.33863817	1.3399699	0.03948055	1.53518448	0.54202862	0.29885321	0.23838678	0.85533272	0.2282625	0.46209198	0.25205489	0.52065218	0.0
MRC2	0.0	0.12946062	0.06639491	0.0	0.04668949	0.21017673	0.18995898	0.12221763	0.13119376	1.06620886	0.08019654	0.40212621	1.36446696
KBTBD11	0.35767444	0.00089246	0.0	0.0	0.00220097	0.00350036	0.0	0.14960254	0.0	0.26869867	0.00465581	0.0	0.0
HS3ST2	0.0	0.0	0.0	0.0	0.0	0.0	0.0	0.03695571	0.0	0.0	0.0	0.0	0.0
ATP9A	1.10843568	1.27964333	1.10695576	1.30212193	2.53486643	0.89210448	1.07990506	1.95007513	1.63249089	1.57394589	0.02453	0.37886443	1.62082735
EBI3	0.0	0.0	0.33473327	3.16125442	2.96758561	0.0	0.03613905	1.76059251	1.65228051	0.0	1.05169537	0.67262554	0.0
CD96	0.0	0.00498754	3.13074736	2.57638028	1.14314265	0.00168689	3.74167113	3.23536655	3.20541966	0.0639949	5.10228119	0.01918969	2.46940838
AP3S2	3.13619631	1.92469172	2.85247029	2.60492288	4.99227339	2.78006074	1.22318702	2.28609697	3.14661346	1.36531495	2.34324707	0.79975692	2.42681197
ABCC4	1.38282682	0.07115719	0.03374839	1.69230739	2.44308368	3.22178587	1.31318589	1.63047008	1.80345185	1.61637035	0.28266953	0.64710324	2.45076996
LILRB2	0.0	0.0	0.0	0.04514717	0.02229205	0.0	0.96759203	0.12689175	0.08600458	0.06481022	2.65495411	0.07580296	0.0
SPON2	0.0	0.20599739	0.5150868	0.78672032	1.24146451	1.52067766	0.92521083	0.86800632	0.99381067	2.6825094	0.25205489	2.23551002	1.11811778
CLEC10A	0.0	0.0	0.0	0.0	0.52211756	0.0	1.94184475	0.23700778	1.8143022	3.04296844	2.16048375	0.0	0.0
SEMA4B	1.48892037	2.21850448	0.36182383	1.17691923	5.26436964	2.46754908	1.62719924	1.90872881	2.66321071	1.01507314	1.95347669	1.32275534	1.1058587
CIB1	3.8693965	3.74070921	2.3288322	3.12862483	6.63045148	4.07762329	3.1304205	3.67349207	4.343276	2.55320846	4.44029947	4.15773985	4.30852687
ATG7	2.90424938	3.16254732	2.27351806	3.67732661	2.57731071	2.9286763	3.02303611	2.39047027	2.95091252	2.21925074	3.22671171	2.02559565	1.18423381
UBD	0.0	0.0	0.06715334	4.50183388	5.29527801	0.0	0.0	3.07798972	0.0	1.89670686	5.09546448	0.0	3.01820513
BATF	1.19613447	1.69161022	2.93179897	2.89970183	1.88688987	1.72197779	1.06650223	3.15602372	2.84901459	0.0	3.34218431	0.0	0.14606614
ANP32B	3.05623019	2.5856135	3.24956755	4.36448273	3.10893989	2.97024129	3.75300852	3.58759558	3.82726227	2.71679447	3.46298211	4.27402374	4.93151993
GNLY	0.02918532	0.00888895	4.59382772	0.05844042	2.99342453	0.64519757	0.0	0.03733356	0.0035785	0.0	6.15546407	0.0618004	3.58923489
IGF2BP2	0.0	1.42250574	0.03609734	0.21408446	3.84097839	0.13659488	0.0	1.05819871	0.5264018	0.16256241	1.96711236	0.62894194	2.94959314
CXCR6	0.00651718	0.18736832	0.0	0.0	2.00609599	0.55582382	0.0	1.35289978	0.25376426	0.0	3.74293746	0.01056895	0.36211467
YME1L1	3.08056821	3.63225241	4.053241	4.61072021	4.33923634	3.67552444	3.27016192	4.1352042	3.83397987	3.57322459	3.00320429	2.58795199	3.27415571
CCR9	0.0	0.0	0.0	0.0	0.09546425	0.12771908	0.0	0.0	0.0	0.0	0.0	0.0	0.0
HPSE	0.0	0.08601386	0.0	2.09428537	0.01078905	0.0	0.0	1.52319629	1.25049625	0.0	2.05316173	0.0	0.0
STARD3	0.0366286	0.33186983	2.58593346	1.06245113	2.40344226	3.2159156	2.27927552	0.02459696	1.26263323	2.29358822	0.77710529	0.08100378	0.0
BTG3	2.3997467	1.76362941	1.9982608	3.03247615	2.83514567	0.90126938	1.7398344	4.07639355	3.68660801	2.57075189	3.25496986	3.34702715	2.44574048
ABHD2	4.68283611	3.05889988	2.07676905	2.15776949	2.62799149	2.20737491	2.00810664	2.84850528	2.34490333	3.68699725	1.91944394	1.10979948	2.02539326
LDB3	0.17878969	0.0	0.0	0.03659489	0.00759818	0.00569802	0.0	0.0	0.07153053	0.0	0.0	0.0	0.0
WDHD1	1.85190132	1.93294379	2.44349796	3.23867845	1.54282719	1.5562563	2.36386832	2.1994226	3.04617426	0.4312176	0.80102951	0.00498754	3.22344718
TMC6	0.21138235	1.75458903	2.63163604	2.89198661	0.94225579	1.36870552	2.19931129	2.49678032	3.38820772	2.96771294	2.1205435	0.72240254	3.45703337
CASC3	3.3467412	3.20938089	4.07172581	3.29715586	5.1132704	6.1168389	4.01622445	2.69367283	3.80209442	3.38941813	3.01107234	2.6875073	3.21475827
VASH1	0.31312487	0.35742466	0.02693137	0.12286103	0.37680985	0.54684441	0.11189909	0.88627614	0.01013712	0.0	1.28702636	0.1755277	0.32010526
EPN2	1.5736513	0.74329696	2.18215667	1.24121604	2.35055167	4.17148195	1.08166957	2.53711456	2.84891626	1.79991453	0.50581308	3.41631175	2.96283335
KLRK1	1.49004782	1.30456124	2.98603678	1.92159084	3.21861138	0.0	0.07622003	2.66495165	3.19238461	2.28702995	5.55852097	0.06473381	1.08180517
CD93	0.0	0.01083396	0.0	0.0	0.00709343	0.0	0.04650183	0.54471541	0.01237593	0.0	1.86219204	0.23605978	0.0
MAPRE3	0.12561553	0.95282928	0.01288954	0.0	0.23500513	0.14909152	0.0142973	0.01266456	0.46669628	0.40168987	1.45161383	0.22364343	0.0
GOLGA8A	1.27836645	3.74032765	1.45527822	2.8942531	2.71124284	2.61528915	3.05795562	3.63406086	3.91905858	3.55677561	1.76795049	2.10123361	3.13660032
ZNF609	1.32411204	2.75830188	1.57909015	1.9394739	1.12118056	2.95292644	2.08597018	2.46126332	2.17153042	2.20865657	1.86413181	0.06999237	2.08103119
PEG10	0.0	0.7593027	2.23759963	1.92496505	3.37336737	1.64855872	2.50330306	1.95149676	2.21441352	3.14493908	0.00995033	2.42258789	0.6230173
RRP12	1.71939554	2.22966872	1.55905459	2.80546285	2.45150176	1.38427935	1.32951235	3.40877643	3.10406196	1.20205793	1.23614954	2.11482377	2.45850045
SLC7A8	2.36649842	3.7047528	2.95798831	2.01074895	1.51094641	3.19008078	0.76136642	2.11852084	2.1866447	0.0	0.73548802	0.49317069	0.01174889
LEPROTL1	3.51122392	3.10025315	4.34304697	3.61114884	3.20586958	4.41354575	1.97024033	4.35700541	4.00169123	3.63814664	4.68601719	2.98252038	4.26360135
SLC39A14	2.25319282	0.69866763	0.94946409	1.77390404	2.24195306	1.54814261	1.11867632	0.07931846	1.68800493	1.48731941	0.03841911	0.0	2.81682307
CLEC5A	0.0	0.91242613	2.6649546	0.0	1.53127479	0.58178021	0.0	2.5549752	1.11995523	1.13769364	3.52494285	2.96000794	0.01264696
ARHGAP8	2.67045483	3.36828672	2.13869798	1.26155537	2.52683989	4.26532682	2.15199473	3.00242551	2.52869782	2.28411115	1.25309625	3.15324337	3.32585321
ASF1A	2.83569894	1.71595133	3.35055821	2.97759608	3.0873376	3.46186071	1.61039745	3.94266251	3.25456345	2.62012141	3.0923976	2.87979519	3.02692258
EGFL6	0.0	0.0	0.0	0.0	0.003553	0.0	0.0	0.85140705	0.00395444	1.45689464	0.02322813	0.0	0.0
TIPARP	4.26672369	4.87684809	4.07940011	3.86383684	4.09074771	3.24805125	3.54949094	5.23685802	5.43280868	3.30379226	3.11478857	2.3834736	4.68826557
RAI14	2.77834137	2.13501139	2.1874472	1.50306679	3.08208878	1.20019946	1.20668911	2.66462406	0.93468652	2.21588987	1.55761816	1.75028622	3.4777936
PCOLCE2	0.0	0.0115403	0.00834347	0.0	0.51697616	0.0	1.65280387	0.0	1.80723656	0.0	0.01242252	2.06852277	2.23527911
ZBTB32	0.0	0.0	0.13102826	0.23744086	0.01380261	0.0	0.0	0.0	1.03539784	0.23145673	0.90758629	0.0	0.0
LAMP3	0.0	0.0	1.17340214	1.46800002	1.09050038	0.0	1.7942896	2.30932702	1.89812891	1.94584804	3.25560626	0.01427266	2.23030761
BLNK	2.77462991	3.03684851	3.62575255	5.39059402	3.53771654	3.65697322	4.78663805	3.98371237	4.95482869	1.35941458	3.65579653	2.83728592	0.0
ABT1	3.34317434	3.45551081	3.3012078	3.45936909	3.52780017	2.83424413	3.22812888	2.96308754	3.92186498	1.87420731	3.7465507	2.80279204	2.60652072
ICOS	0.0	0.0	4.35536003	2.88405894	0.59117076	0.0	0.0	2.86352214	2.29026422	0.0	2.45090452	0.0	0.0
CD209	0.0	0.0	0.0	0.0	0.0	0.0	0.0	0.03827758	0.0	0.0	1.37615985	0.0	0.0
G0S2	0.04401689	1.45403645	2.33601987	1.98270535	2.38803169	0.0	1.77535905	3.06622728	3.43272043	3.02971353	2.55807966	3.99245025	3.69264508
IL21R	0.0	0.01348016	1.8842401	3.11302226	0.76845903	0.0	0.25959119	1.16480385	3.40905948	0.0	1.54304879	0.0	0.01174889
IL22	0.0	0.0	0.0	0.0	0.0	0.0	0.0	0.0	0.0	0.0	0.0	0.0	0.0
TRAT1	0.14509885	0.0	3.87448952	2.00238868	2.43009841	0.0	0.0	3.54025433	2.38607613	0.0	3.71583373	0.0	0.0
MED31	3.63075111	2.681804	4.35884099	3.82298909	5.11076384	3.77385006	4.13583833	3.36635556	3.49152088	3.7333539	3.84695812	3.3105202	2.85511087
SLC25A37	2.43084299	2.98922903	3.54102199	2.46135884	3.61470368	4.03774672	2.78033365	4.50353258	4.33779376	4.92943153	3.89347539	4.65968796	5.23728783
NGRN	3.39615907	3.64704318	3.57589233	4.25438952	6.7634885	3.58493208	2.81550452	3.96909993	3.48490246	3.0557429	2.45444744	2.43207709	4.22084371
MS4A4A	0.02843794	0.06028843	0.19574458	1.97491401	1.60600831	0.62392237	0.0	2.62106734	0.02809226	0.0	4.4804324	0.12111083	0.22387056
FZR1	1.39624469	0.74389122	0.0	0.41379396	1.16706264	1.18300118	0.27429284	1.49246337	1.5920038	0.865272	0.10090058	0.0	0.13421298
KLRF1	0.0	0.0	0.0	0.0	0.08493295	0.0	0.0	0.0	0.0	0.13255265	0.0	0.0	0.13421298
LIMA1	4.06614951	3.85612136	4.46466472	4.47211868	4.26600212	5.17868083	3.0229388	5.15053931	4.66400497	4.2999969	3.12143939	3.89534723	3.54862421
C9orf156	2.81303372	2.38654868	2.08362198	3.38557908	2.61074255	3.01770342	2.38050863	3.15436868	3.0378244	3.31350593	2.92394085	0.0	2.21484618
NLK	0.64144895	0.68615853	2.64986742	3.48695798	2.73449957	2.16986969	0.91035314	0.97500349	1.84246454	0.69921569	3.01506093	0.00623055	0.37344267
CDK12	1.94942046	2.45688372	2.61449164	2.20246336	4.23224282	2.79974899	1.97452537	2.08073972	2.26507914	2.2650638	2.51664754	0.40045257	1.04316364
SYT17	1.07316298	0.44067136	0.0	1.85005696	2.08962259	2.01245848	1.03631126	0.35134705	1.21210942	0.00390541	0.11793117	0.0	0.0
SIX4	0.09005162	0.95158893	2.92459908	2.0178804	3.33204711	2.12456078	2.07337317	1.68882882	1.08900655	1.78521637	1.34003225	2.72985246	1.76659705
BCL11A	2.63501069	0.0	3.06389597	3.83560131	0.85051303	2.01913647	4.28042017	2.35608869	4.21262782	2.17346631	3.4566426	3.91886207	4.49915289
NUDT9	2.97750955	2.4343493	1.62584315	2.28258645	3.17451651	3.12477634	3.0905878	2.7729073	2.63742527	1.39387426	2.64739155	3.73900801	1.93007109
S1PR5	0.0	0.0	0.0	0.0	0.0	0.0	0.0	0.0	0.0	0.00995033	0.0097853	0.0	0.0
KRT20	0.0	0.0	2.1709361	0.0	4.62794281	0.0	0.0	0.01111448	0.00526911	0.0	0.0	0.0	0.0
LRRN3	0.0	2.11448976	1.56816537	1.04104738	1.33958466	0.35357925	1.65096366	0.90746761	0.0	0.28419775	2.41990876	0.0	1.19088756
AHI1	3.04858013	3.74931498	4.20237044	3.99909438	4.27387503	4.76445571	2.29261556	4.81117316	4.29081348	4.17096335	3.90246077	3.62162057	4.79161203
LIME1	0.7663619	0.0	0.13102826	0.4678422	0.50221236	0.03584339	0.26972175	1.3315379	0.6229069	0.10748868	1.6116355	1.19031749	1.64023161
NEIL3	0.05426963	0.01857639	0.87569394	2.99504113	0.64461546	0.88113447	0.44160415	0.0	2.14004397	0.0	0.5252215	1.37829369	0.0
PHF10	2.84647346	2.02596071	3.1163102	3.56740495	3.26466553	2.89018415	2.1720663	3.28545638	2.91640315	4.0273063	2.58140299	3.24342209	1.28923265
QRSL1	2.19242676	0.28100807	1.90492727	3.17478334	2.90007034	2.33593195	3.16375205	1.64971388	3.07879798	1.14919519	1.97576941	0.76923979	2.03731662
CPPED1	2.83235325	0.96058099	2.17263031	1.12445723	0.56781453	1.76243765	2.25368892	1.52229818	2.43876392	0.0	1.89846907	0.0	4.2124777
GIMAP5	1.2976733	2.25211852	3.77364281	0.34126592	2.2732261	0.0	0.0	2.72983727	1.93762797	0.0	3.97930152	0.01734864	0.0
TRPV6	0.02469261	0.0	0.004315	0.07965102	0.2817322	2.75473549	1.34921535	2.83126219	3.40900331	1.79009141	1.11934041	2.83067336	1.61216147
SMPD3	0.0	1.8205378	0.32969255	0.54211285	0.65813455	0.94410801	0.04955178	1.03951428	0.24995082	0.0	2.68479295	0.0	0.0
CDKN2AIP	2.05343316	2.84989073	2.98554543	3.14802408	2.87067816	1.49068363	2.99729106	2.88340857	3.51015331	0.5143845	2.28733608	2.6016243	2.14901001
PRR5	0.372624	0.0	0.02482444	0.0	0.51717828	0.13919713	0.01192857	0.59245982	0.0	1.03008515	0.27737918	0.15057286	0.03308303
THUMPD1	3.84499523	4.96593675	4.81146997	4.59532185	4.61694299	4.84497622	4.55365371	4.64717172	4.56790514	4.91483601	5.04880631	4.85071103	4.55658137
SMEK1	3.24755298	3.84746544	4.55780941	4.87984162	3.51051278	3.1349746	3.97874664	4.84411761	5.24837172	3.56609753	3.77429616	2.10451518	3.9932175
RCOR3	3.33446843	2.11928449	3.73743149	3.70134687	3.28045234	3.33472452	1.26175103	4.09839843	4.57068616	3.30396797	3.10792192	4.14142692	3.84397774
IL26	0.0	0.0	0.0	0.0	0.0	0.0	0.0	0.0	0.0	0.0	0.0	0.0	2.60410283
DOK5	0.0	0.0	0.0	0.0	0.23714674	0.0	0.0	1.16785785	1.19174743	0.92287769	1.66146094	2.43815347	0.75782774
PMEPA1	0.90841364	1.61350108	2.4458661	0.83362033	2.8571421	1.60613376	1.27525106	3.15246784	3.32701587	3.31634967	0.89343144	2.17098041	3.21556125
CYSLTR2	0.0	0.0	0.0	0.0	0.0	0.0	0.0	0.0	0.0	0.0	0.35883927	0.00809217	0.0
NUP107	3.18914593	4.05404636	3.94692568	4.3791794	3.64128138	4.13278034	3.70946609	3.75665263	4.18781486	4.19673764	3.62371407	3.84884356	4.19039827
SLC24A3	0.0484238	0.31897308	0.00162031	0.0	0.0	0.03157417	0.41290404	0.23716247	0.07433706	0.27002714	0.55187159	2.86864436	1.13841558
PPM1H	2.48541934	2.61485089	0.98652248	1.09939986	2.61908931	2.29068338	2.10076262	2.55763762	2.01691358	1.9678418	0.08127272	3.43142344	2.01611441
MICAL3	1.40288671	1.25112898	2.64208363	2.29099087	1.74349459	1.18459139	2.71829092	2.28051991	1.70454224	2.18736941	0.16169359	2.13689939	0.78845736
PRX	0.0	0.08453808	0.41479086	0.07443259	0.00101643	0.00298256	0.23111172	0.0	0.0	0.0	0.0	0.0	0.98377944
DNASE2B	2.49333259	0.0	0.0	0.0	0.0	0.0	0.01153324	0.0	0.0	0.0	0.0	0.0	0.0
SIGIRR	1.62167048	2.80871399	1.11034499	0.60013436	1.51158212	3.06185436	1.1329493	3.05274253	2.98320126	3.44306231	2.71393286	1.07158362	1.01851907
HRH4	0.0	0.0	0.0	0.0	0.0	0.0	0.0	0.0	0.0	0.0	0.0	0.0	0.01174889
BACH2	0.0	0.0	2.81582941	2.93914268	2.13795027	0.64144369	0.57503909	0.85949211	2.41113486	2.14119085	0.0	0.00623055	0.0
FAM111A	3.06029483	4.55657625	3.60591638	4.53843191	2.83755088	4.7537458	3.33120401	3.87501725	3.72532055	3.36207985	4.52749509	3.65891948	4.11514194
TINAGL1	0.0	0.60382795	1.20799174	0.0386961	1.32157503	1.84542333	0.98954119	0.93139182	0.58442673	3.08646678	1.48315637	1.45541222	2.40144269
CARD9	0.00345556	0.21568725	0.0	0.00217944	0.0	1.29707275	0.12892078	1.10128844	0.01163022	0.2864857	0.30195473	0.27715814	0.0
MS4A6A	0.0	0.54915308	2.31702093	1.63538916	1.53591908	0.0	4.31687459	4.76078702	2.37437907	2.65155653	6.01644452	4.68651397	3.58452853
TPSB2	0.0	0.01083396	0.0	0.0	0.0	0.0	1.81528066	0.0	0.0	0.0	0.0	0.0	0.0
NDST4	0.0	0.0	2.35353509	1.24661423	4.57366028	0.0	0.0	0.00547518	0.00451808	0.00779562	0.0	0.0	0.0
BCL11B	0.0	0.0	1.48961902	1.55200139	0.15162934	0.41485809	0.94468381	0.92495894	0.85288867	0.17358788	1.26619615	0.0	0.72930376
SLC30A5	3.31724426	3.59118295	2.8551646	3.17711399	3.20853783	2.95530252	2.45345038	3.15323029	2.45124905	2.62954013	2.41638986	2.69580891	3.77332504
SLC26A6	2.53875117	1.15181447	0.0	1.78680784	0.83827422	1.05936733	1.86457613	2.83970893	0.60565541	0.66021967	1.81883407	0.01488861	1.19419791
ZNF747	0.94165854	0.722099	1.43643496	0.13707058	0.41379193	0.68362143	0.4797064	0.85508261	0.7368932	0.19991943	0.40901436	0.37715136	1.13608322
DDX50	3.30479943	2.5369794	2.98900701	3.27743972	2.04423142	2.87843208	1.74982575	3.06079455	3.6698553	3.77962389	3.42674058	1.77155676	2.42969821
MLPH	4.33202299	5.29993659	4.09448419	3.86018602	5.09012818	5.20369838	1.98061519	4.43452606	4.4726216	2.2898522	2.24428485	3.58080693	0.10189999
FCRL2	0.0	0.0	2.01936154	3.27194427	0.02626228	0.0	1.48867043	3.14917682	4.14982389	0.03208831	0.00116599	0.0	0.0
TCTN2	1.12978791	1.63729624	0.57949412	0.19227189	0.81588965	1.93390892	0.53836297	0.90231112	0.76905945	1.18065967	0.30220116	1.0634168	1.83867197
MYO15B	0.0	3.21157783	0.11742261	0.10632369	2.08375426	0.15199623	0.49494011	2.70616607	2.81983907	0.28419775	2.05587434	0.01303961	0.0
APOL3	0.19093817	1.16231341	2.08031953	2.03876158	1.97254972	0.06376712	1.25936967	0.17855631	2.69079527	1.52860504	3.50640289	0.02408267	3.02907913
COLEC12	0.28979522	0.38611238	0.0	0.0	0.58278359	0.05593833	0.0	0.66015799	0.79861146	1.48031913	0.78031827	0.0	0.0
LMAN2L	1.60457998	1.39721664	1.00122789	2.37466894	1.81917677	2.94444581	2.47912329	1.68414514	2.38157064	1.33385625	2.60702595	1.36241782	2.74037071
CRISPLD2	0.00537017	1.36677473	2.36923287	0.50594099	2.17625291	0.57544531	0.02566775	3.38367216	1.13243627	5.03375721	1.27959035	1.3130514	1.47932923
NCALD	1.59892127	3.21040433	2.59950143	3.05394972	3.90365931	1.47026541	1.5800503	2.81617161	2.07124769	3.20138461	3.03832869	3.49537055	2.93839203
PPP1R1B	0.0	0.52863046	0.20789271	1.70322627	6.00964739	6.46803484	3.953825	3.66319959	3.84698725	0.84773255	0.05132663	3.72510591	1.16768596
ZNF528	0.0	2.36431834	1.92334076	3.02939562	3.13311851	1.74743658	0.23775626	1.85684931	2.24030816	2.86730584	3.06050514	2.11028896	1.52269096
TXNDC17	5.36098695	5.21229543	5.39327122	5.46987897	7.19540943	6.06780761	5.46823228	5.08422222	5.39968123	4.88507207	5.24279056	5.11432692	5.74009979
LRP5L	2.27402733	1.58455957	2.735753	0.83827022	0.96543596	0.19383511	0.21672298	0.26372081	2.81022073	3.39794572	3.06512618	0.0	0.66782937
OSBPL10	1.77103334	2.67793458	2.88535922	2.87901458	2.9980178	2.91165166	2.50536266	2.16056963	3.29333198	2.92544975	0.72051913	2.23417241	2.09466597
KIR3DL3	0.0	0.0	0.0	0.0	0.0	0.0	0.0	0.0	0.0	0.0	0.0	0.0	0.0
LPCAT4	1.7349856	2.26934219	1.20726468	1.69957772	0.54054897	1.91056171	1.46695226	2.29033388	1.18985474	2.17894253	3.24893935	0.41128149	3.03521519
SGMS1	1.08297789	2.80748606	3.79984652	3.69950912	1.96407349	2.62801327	0.0	3.31296601	3.34222156	2.35653789	2.48343334	1.60706009	2.40628969
H19	0.0	0.0	0.2588237	0.0	5.77622821	1.85149753	0.0	0.0	2.53201826	1.99546902	0.01061018	0.0	0.18986876
FRYL	2.40364793	3.41455421	3.48401379	3.94518695	3.27579429	3.92028231	2.76324521	4.14881727	3.66357616	1.87826951	3.69757487	3.2466369	3.0570839
MSL1	2.52406572	2.15592711	3.83162753	3.55692085	5.34905881	6.14205025	3.65748166	2.91831113	2.02683159	3.55253666	3.39322121	2.79743376	2.76380022
ZNF710	0.75286642	0.4882513	1.25422907	1.48011583	4.61264725	2.27478669	1.14905189	1.38947557	2.00392474	1.72486068	1.64184056	0.00498754	0.01801851
