gene_name	0	1	2	3	4	5	6	7	8
SERPINA3	3.89552768	4.81903554	5.83392024	9.12100339	0.08034757	5.46549838	0.83083105	0.11243676	0.07876163
ACACB	0.32007201	0.49593876	1.35109102	0.84704937	0.55090066	0.06004738	0.78105507	0.0	0.0
ADARB1	2.28191016	0.21590043	2.06268276	1.09405177	2.9039147	0.0	0.70715426	0.4940787	0.0
ADCY1	0.04289444	0.00651176	0.15342914	1.40306937	0.13033187	0.0	0.10865934	0.0	0.0
ADCYAP1	0.02021008	0.0	0.67163118	0.00196597	0.0	0.0	0.0	0.0	0.0
ADD3	5.49820527	4.28800693	6.69400438	1.72635566	6.34665878	5.2423008	3.14995686	1.68658899	5.48277659
ADM	2.15044363	4.22680209	5.39794286	2.86992523	0.26084685	2.29486577	1.96102579	4.91320437	0.35300956
AES	4.0500663	4.10003652	4.00481919	3.9304449	5.07811684	2.20424507	4.03699955	3.27390845	5.01824346
NR0B1	0.0	0.00548554	0.0	0.00340598	0.0	0.0	0.0	0.0	0.0
ALDH1B1	1.33842441	1.48971419	2.42239657	2.6996122	0.0304966	2.55887985	3.413	1.75837051	0.62604969
ALPL	1.95811352	0.3869423	1.60585314	0.0651336	0.0	0.0	0.34611049	0.01510689	0.0
AMFR	6.05413914	4.53090605	4.66706409	7.45149063	6.06038152	3.55826763	4.48428369	5.38080963	3.94141936
ANK1	2.40429006	0.28547268	1.33528868	0.86494698	0.70648032	0.0	0.0	0.0	0.0
APBA2	0.28116833	0.0726775	0.36724748	0.02406173	0.0	0.7531053	0.88765105	0.0	0.38527763
APBB2	1.96129258	1.01026834	2.59563026	3.82936065	2.13257684	3.81514843	3.65762157	0.03005723	0.63691458
BIRC5	6.67589152	5.54414385	4.69483711	3.68240986	6.92739549	4.05350962	5.37018678	3.9549799	5.08897075
APOD	5.07554027	2.52898798	7.47063843	9.13860785	3.55324878	3.29859722	2.84777066	3.8625819	1.51517417
APOE	0.18178409	0.0	2.09375065	1.15168173	0.0	1.27276973	0.15432815	6.96901837	3.09976275
AREG	3.84326605	7.65260429	4.13445695	5.24463801	3.16056821	6.86322093	0.28382621	2.2665104	6.59873077
ATF3	4.73792814	4.73486443	6.43161096	5.0643381	4.52085079	4.50281855	2.66836805	4.52778152	5.90616907
BCAT1	5.63214875	1.47224018	4.13207688	2.04585595	6.05572612	0.38082178	0.0	5.21416572	3.04953397
BCL2	2.08600729	0.76836079	2.10968378	3.82866851	3.51021392	0.09028889	1.36692004	3.08844515	0.09686154
TNFRSF17	5.77123005	0.0	0.75612685	0.4215477	5.90880199	0.0	0.0	0.0	2.95398946
BLK	2.41065123	0.0	0.74884074	0.01889309	1.18124715	0.0	0.0	0.0	0.23061293
BLVRB	4.6233067	5.69223854	6.05505348	7.08814063	5.0523408	1.91695428	5.12349399	6.08481398	5.44520802
ZFP36L2	6.15201316	6.85572873	6.7823434	6.20878503	5.4358407	5.17839927	4.75051142	5.63268149	6.69099125
BST1	0.29782027	0.5148136	1.28962255	0.70003611	0.0	1.48004965	2.29458518	1.86955975	0.0
BST2	6.47264153	6.51365617	6.94740914	8.77997895	5.8343044	5.50285832	8.85881574	8.51259285	8.77875067
KLF9	0.82520413	2.83110513	3.45853282	2.92934342	2.04598299	2.87011808	2.66580352	2.52131528	0.01435529
MPPED1	0.00437298	0.0	0.00842429	1.56107058	0.0	0.0	0.0	0.0	0.0
CA12	1.29980983	0.87071698	2.52200857	7.13144263	0.01435529	0.85665377	5.84843718	0.0	0.0
CALB2	0.50661645	0.22709559	2.79339583	1.70997232	0.0	0.04730571	0.0	0.0	0.0
CAMLG	3.96388692	4.17099327	4.79014991	5.56263098	3.91873316	2.88809379	3.20082427	3.69218049	4.6378485
CAPS	0.23200284	4.43902149	1.29706978	0.68844488	0.17748296	3.11117045	2.39346935	1.92839526	0.24421053
CAT	5.69813412	6.38492967	5.33490759	4.94558642	6.23443861	3.35055618	5.01201351	5.22934505	6.70926766
RUNX3	5.25679502	1.0497967	4.08276186	2.01763043	5.62297027	0.21516085	2.66481312	3.19061486	4.36671077
CD1A	2.27148971	0.00753725	2.12560727	0.27825514	6.14189348	0.0	0.0	5.25561999	0.0
CD1B	0.40793538	0.04464392	0.29586912	0.0	1.59454855	0.0	0.0	1.93536049	0.0
CD1C	5.58559569	0.17206075	4.57888869	0.41497192	6.58210434	0.0	0.0	5.68959344	0.0
CD1E	3.70348835	0.36337135	3.45347756	0.05935528	6.59338094	0.0	0.0	4.72548286	0.0
CD2	4.79926312	3.69509238	6.43711221	2.9228552	3.96196001	0.56559718	0.0	5.3857943	6.66604643
CD3D	4.98647595	3.61316678	7.20558293	2.74586314	0.64070505	0.67543959	0.0	6.75793559	8.26675531
CD3E	3.05766688	0.63271137	3.8753402	0.58408788	0.0	0.0	0.0	3.26145164	5.57418563
CD3G	5.44017508	2.61032885	6.97261459	2.61316729	1.50149705	3.97372606	0.94219665	7.15677767	8.14856979
CD6	1.11674496	0.14715161	1.43773391	0.02972593	0.59194048	0.03268862	0.0	4.00227614	0.30969361
CD8A	1.74385345	1.17221318	3.56496423	1.30227917	2.86087253	2.17406014	1.11264633	5.0146137	6.47326379
CD8B	1.74907449	0.34022314	2.07440703	0.1619756	0.0	0.0	0.09412708	4.95373085	4.13317076
CD19	5.1491374	0.0	2.23828016	0.01643149	5.67374913	0.0	0.0	0.0	0.01594154
MS4A1	10.05452534	0.29754081	6.12571457	4.36100905	10.69046789	0.1115878	0.0	0.32617399	5.01485118
CD28	1.58358785	0.3580211	3.90247872	0.6718286	0.07910654	0.13750352	0.0	1.26303441	0.24623916
SIGLEC6	0.01715838	0.0	0.00786948	0.0	0.32507236	0.0	0.0	1.21804695	0.33215095
SCARB2	2.82589463	6.37723946	4.74329834	5.24030739	0.16525419	5.07583566	5.84350574	6.57154908	5.14649231
CD38	6.93039732	0.13030334	3.26119832	0.99868786	6.37974067	0.09479907	0.0	5.96781174	6.07777707
CD68	4.56442172	1.80155286	3.14185367	2.24341982	4.31410324	3.18209635	0.0	7.8894191	6.42474484
CD70	0.83317925	0.0	0.19461648	0.0	2.04296264	0.0	0.0	0.0	0.0
CD72	5.97238495	1.91929468	3.44206737	2.33316348	5.35155766	1.21723072	0.40159524	4.47777957	0.41923924
LRBA	4.0720139	4.28688115	3.74025374	4.58980706	4.07572709	2.02812708	4.43071692	3.98827807	3.82533337
CDC5L	4.41905727	5.51098452	4.22415628	3.97285137	4.62189203	4.40859865	4.96350396	3.55955621	2.10284473
CDC6	5.40013534	6.34483272	4.0013295	4.79065832	4.06338528	5.01673402	7.17403651	2.43969312	3.54500735
CDC25C	2.94341905	2.59619686	1.97857995	2.62152444	4.177193	2.08207806	2.13363776	0.05731345	1.89939049
CEACAM5	0.89100248	7.9413998	2.84406155	0.8806321	0.02212566	5.62480764	2.38489652	0.0	1.7879896
CENPF	6.44021069	3.33471809	4.61343071	2.78657735	6.68369645	4.55870132	4.8066151	3.56457071	3.91046618
CEACAM3	0.02578817	0.00992723	0.03153557	0.0	0.0	0.0	0.0	0.0	0.0
CEACAM8	0.11555648	0.03361178	0.93574104	0.03101015	0.0	0.0	0.02010355	0.0	0.0
CHI3L1	5.26395324	3.60231887	6.94075924	2.8300709	0.0	0.07038933	0.0	0.15602185	0.7200352
CHIT1	0.12030454	0.32439917	0.31662582	0.68689775	0.0	0.0	0.11468943	0.11243676	0.44655033
CLC	0.01970191	0.0	0.0	0.25294405	0.0	0.0	0.0	0.0	0.0
CMA1	0.0	0.0	0.02199008	0.0	0.0	0.0	0.0	0.0	0.0
CCR3	4.89406418	0.03058832	0.00937489	0.00784786	0.01630181	0.02502879	0.0	0.0	0.0
COL6A1	0.68160989	0.84360106	4.41743667	0.20880099	0.0	0.14077866	0.0	1.78945471	0.0
COL8A2	0.16234817	0.0	0.73425301	0.16466928	0.0	0.0	0.0	0.60806218	0.0
COX6C	9.48629274	10.64971489	9.54965386	12.95433147	9.13598439	7.97345343	10.34263191	8.8532603	9.1125901
CPA3	0.27564564	0.0	0.0277875	0.89678263	0.0	1.08661395	0.0	0.0	0.0
CPB1	0.05410424	0.08956272	0.60737119	11.47057832	0.65118219	3.21742461	4.42795214	0.0	0.01752605
CR2	4.94485845	0.0	3.7418394	0.3181459	5.13772706	0.00599874	0.0	0.0	0.0
ATF2	6.15198055	5.09218327	5.54089418	5.40690149	5.64317403	1.32696871	4.86538406	3.15312265	4.34087872
CSF1R	2.78868571	0.45392514	3.10595769	1.43130689	3.992068	0.1958725	0.0	6.74544258	3.51769563
CSF2	0.84455782	1.63691458	4.80017771	0.17655489	0.0	0.0	0.0	0.0492639	3.01989956
CSF3R	0.50570949	1.61622325	3.34769697	3.43519216	0.60104816	1.13230264	5.58288131	4.13132088	2.04381109
CTLA4	0.57548522	1.69450879	4.5521379	0.64892556	0.02470651	0.21619616	0.0	1.13853858	2.61143471
CTNS	1.62318126	2.25736988	1.42668732	1.94502877	0.0	0.68144927	0.99778772	0.11664492	3.84916528
CTSG	0.11626969	0.0	0.00882045	0.05026422	0.0	0.0	0.0	0.0	0.0
CTSK	5.08398831	3.68610028	7.07147184	1.73465543	0.07537704	0.38404981	0.90502785	6.17034678	5.49720429
CTSW	3.32702006	0.71474269	4.63370094	0.11817848	0.02277131	0.01435529	0.0	5.18231594	7.9321163
CXADR	5.01920151	6.11913876	7.01657376	4.87988395	0.33965569	3.38939472	1.86502479	0.43520747	0.077243
CYBB	5.46692421	0.41349093	3.9375941	1.63294498	6.6050956	3.58976349	0.02147973	7.77656117	5.64569846
CYP4B1	2.70190545	3.52821408	2.11773177	6.05186246	0.2646729	2.00270252	2.80276024	0.0	0.0
GADD45A	2.08849297	5.12304732	4.55266782	4.46238552	2.16276666	3.5099597	1.48101555	3.23419472	2.4279041
COCH	4.28035984	1.28716268	2.64164821	0.27576559	0.72762347	0.05947065	0.32879941	0.0	0.0
DHFR	6.01439116	2.37009784	2.97116879	3.61656087	4.0664415	0.41818995	2.66569351	2.12624256	4.35297034
DPP4	1.06325639	0.47557904	1.89431666	0.51335292	0.93734439	0.08915913	0.00255735	5.94726012	4.53425532
TSC22D3	8.32211325	5.07179944	7.72025163	5.89295395	8.06565847	2.54874486	5.7225762	6.57160496	7.68839409
DTNB	3.72400704	3.85138022	3.87632292	3.02950107	2.01532888	3.8848014	3.25318413	0.90992466	1.74080766
HBEGF	3.78876027	3.690151	4.74691549	4.67482013	2.5126866	1.04788733	1.28726256	4.94850249	0.01989956
DUSP2	5.17199882	2.7319073	5.00268263	3.34933954	4.44442011	3.86253405	0.66330789	6.62697701	5.54930979
DUSP4	3.62700225	2.12180484	3.98233687	3.09139211	4.58178946	4.14740847	4.7261808	2.17716248	3.57255287
DUSP5	3.75913681	4.37910602	4.71533519	5.01317394	5.16234555	4.63978687	4.26087554	4.17556662	7.31173823
EFNA3	0.47230208	1.40521442	2.22575895	0.7833233	0.31192579	0.23521646	2.40906239	0.0	0.0
ELF5	1.71141624	2.95636648	4.74454471	4.08169598	0.07226174	2.16323035	5.845486	0.03525347	0.04030799
EMP1	2.88912583	6.66807454	6.68631015	6.58435169	3.83881428	6.66457173	1.74804565	5.39421446	0.66852259
EMR1	1.40842073	0.51649548	0.19656531	0.07637252	0.0	0.0	0.0	0.3726589	0.0
ERBB2	2.73397405	7.15226311	4.45201069	5.53856356	0.09023755	6.39168754	8.10804466	2.17867271	0.87796233
EREG	0.36577251	7.37250235	2.90800606	0.17783084	3.49453198	5.45807846	0.0	7.15328268	0.48370831
ESR1	1.18178409	2.03554013	0.68577292	7.1787771	0.10067189	2.69756997	1.50384112	3.63226822	0.00240249
F13A1	2.41132939	0.00822051	3.90625812	0.09712042	0.0	0.0	0.0	7.82908844	1.43325623
FABP4	1.61781901	0.13906404	4.97872657	0.63817918	0.08962141	1.4768137	0.0	0.0	0.0
FABP7	6.3801549	0.07202411	8.11958117	0.53804145	4.86881694	0.0	0.18923793	0.22195846	0.13531596
FBP1	3.29986215	3.08369966	2.98776306	5.74256483	2.71838654	1.17445968	6.38636874	5.07442882	4.60238957
FCAR	0.22870877	0.0898855	0.01253904	0.02702534	0.0	0.0	0.0	1.05913665	0.0
MS4A2	0.08187523	0.0	0.0	0.0	0.0	0.0	0.0	0.0	0.0
FCGR3B	0.49788604	0.0	0.06216752	0.0	0.0	0.0	0.0	0.49838525	1.907318
FDX1	2.14159628	0.97207991	2.94280738	2.57114724	2.22187708	0.46205232	3.16741491	1.93118539	1.68307259
GPC4	0.20722354	2.68396374	0.43520127	1.07132584	0.0	1.07382023	3.35359649	0.0045487	0.0
FGFR2	0.70645162	0.0071955	3.07728077	0.26336225	0.04328087	0.20111105	0.10649962	0.0	0.02778316
FOXJ1	0.0	0.0	0.01695723	0.39904677	0.0	0.75453124	0.0	0.0	0.0
FLT3LG	0.28519082	0.54078305	1.28583543	0.48120499	0.0	1.15380534	0.15076929	3.17203266	0.0
FN1	5.88464589	4.74060638	8.46242296	4.01791381	1.36151317	4.27133852	5.83234696	9.63362145	3.0459477
FPR1	1.59454855	0.12527323	2.11585731	0.07088888	3.4697676	0.05253182	0.0	5.41788804	0.0
FUT5	0.65943532	0.74477619	0.601447	0.97679686	0.68420669	0.38727062	1.09358198	0.43576894	1.08633087
FZD2	0.0	0.00411611	0.02520504	0.38886582	0.0	0.0	0.0	2.78494474	0.0
IFI6	4.26103375	6.0392742	7.22845252	9.4349826	1.48683137	4.32660925	5.73609855	8.84298545	6.95605665
GALC	2.01486535	1.95552537	2.30055254	2.71649212	0.0	0.00839127	0.47959775	4.28641428	1.83390208
GALNT3	3.01699926	4.57564369	5.23833295	2.54165	5.00766442	3.56422572	2.82840883	0.0	6.71460424
GATA2	0.58890734	2.02924252	2.21099498	3.18615477	0.0304966	0.31227792	2.11339939	0.62391614	0.00799279
GATA3	2.07094127	1.48383113	4.24099737	6.36235512	0.09822354	2.18995631	7.09972109	2.41370809	4.24031433
GCHFR	6.05755084	2.41168449	4.90489122	3.52775279	6.04254485	1.39666186	5.46921904	4.16171799	6.5551515
GCNT2	4.35446979	2.29481327	4.81122689	3.10256652	4.26702498	0.55622502	1.57007114	1.92659875	4.33457622
GGT1	3.08670492	3.54446772	4.25122947	3.7093508	1.96280138	3.38082178	4.05855392	1.41769265	2.78996105
GLDC	2.43138418	1.96602609	0.33954689	0.22201765	0.49894709	0.01197264	2.64950421	0.0	2.11084577
GM2A	5.0269581	3.48579481	3.41051952	3.13079612	3.85802622	2.6287736	1.7061562	5.69012299	4.87774425
GNG7	1.32943117	0.48001887	1.09276064	0.98351188	0.90549094	0.0279797	0.98679259	0.0	0.28227505
GRB7	1.961954	6.1300189	3.30980168	5.11857493	0.01500442	6.5536101	7.43780173	0.94938749	1.31646759
CXCL1	1.32614696	9.60726514	5.21145757	0.67626741	0.0	8.16066141	0.0	6.70254819	0.79030867
GSTA4	4.28693394	5.11499161	4.9978937	4.18732868	0.91769213	3.74707405	7.12002545	0.02260143	0.04963077
GSTM1	3.25806121	3.16257835	2.08455295	6.27527461	0.99111982	0.07781267	0.0	1.60132119	1.02424087
GSTM3	3.60173896	5.1287235	4.93605352	8.99390461	0.02470651	4.2711206	4.37810883	2.46933763	3.53384018
GSTP1	9.45028374	8.80563871	9.41600327	5.15212809	9.7049309	6.95984742	5.9098389	9.23433845	8.80105444
GSTT1	0.5803178	0.0	1.61374002	5.49489267	0.0	0.04264434	0.0	0.0	0.0
GTF3C1	2.36447238	3.51535442	3.82491972	4.04256475	0.83665864	3.72160051	2.67916224	3.46652409	4.03650333
GUCA1A	0.13586317	0.0	0.00111547	0.0	0.0	0.01673402	0.0	0.0	0.0
GUCY1A3	2.49446133	5.54362108	4.84241494	1.02328762	0.16408412	5.38178807	0.0	0.80995594	0.35864632
GZMH	2.725001	0.75478572	4.56632068	0.08146359	0.0	0.0	0.0	4.12219316	8.14816866
GZMA	4.14620134	0.29865832	4.75698493	0.10689647	4.00609397	0.0	0.0	5.20423134	8.28300087
GZMB	6.10965905	2.59227193	6.04048076	0.13738429	4.21430146	1.71863562	0.0	8.27627136	12.20809834
GZMM	0.0	0.02722147	0.01632689	0.0	0.0	0.0	0.0	1.48948885	0.0
HIST1H1C	6.1213855	4.44520014	5.5401972	7.14420029	4.67008324	4.25165598	3.57251809	3.68564512	6.51821164
HDC	0.55318494	0.0	2.44420726	0.14748432	0.03113851	0.0	0.0	0.0	0.0
HELLS	6.97395151	3.69906507	5.2764288	5.31203474	6.76480526	3.74007306	5.41274329	4.04384179	6.32726819
HLA-DOB	6.75926999	2.52773763	3.60673014	1.15203588	7.25610573	0.03913839	0.0	1.65293929	4.02276234
HLA-DQA1	9.13861282	3.0109503	6.15456638	4.00918428	9.98270324	3.38255198	0.0	9.81387315	7.94083886
HOXA9	1.23145435	0.01197264	3.92451464	0.0235457	0.01695007	0.0	0.07636048	0.0	0.0
HOXA10	2.95156781	0.49739947	5.71220206	1.3987981	0.28365244	0.10265813	1.57897766	1.86059694	0.03562391
HPGD	0.3571498	0.19624731	0.29040485	1.06111635	0.0	0.01137636	0.0	0.61996895	0.0
HES1	2.73521269	3.89477158	4.67446814	4.93358551	1.46609315	5.36882654	4.67501458	1.46741678	0.46524895
HSD11B1	0.96268122	0.05029438	2.30717086	0.35993001	0.0	0.08292962	0.30601758	6.33382857	0.01117755
DNAJB1	7.24492782	7.73270206	7.11295409	7.16029225	6.65718526	6.52286265	5.37191292	7.60987858	6.27072619
ID4	2.02464895	2.09182071	4.84784745	0.28913695	0.15527823	3.26228281	0.96108556	0.03895363	0.00639777
IDH2	3.89886479	7.78340676	4.96203255	4.15288402	4.33991477	6.73425236	5.30070239	4.4160219	2.67844756
IFNG	3.10933071	0.30534521	6.3206951	1.0306892	0.05595284	0.05947065	0.0	7.66836251	8.39977636
IGFBP4	1.61445746	0.51961379	4.05272716	4.73723444	0.18557827	1.21852287	0.00650073	5.11730134	4.75690468
IGFBP5	1.10265813	4.21355096	3.53183464	4.67812826	0.00458311	2.74604398	0.94219665	0.02633415	0.79262402
IL3RA	1.74531418	0.14497864	0.86297464	0.01759803	5.43898838	0.22187708	0.32898467	4.37803697	8.34926403
IL5RA	2.89872662	0.0	0.0	0.0	0.82671025	0.02915837	0.0	0.0	0.0
IL6ST	5.28922189	4.94855635	6.17932959	7.36006653	5.94070067	3.14397837	0.3422611	6.27711362	7.04223697
IL8	5.10620771	12.03123449	6.40606567	3.91599885	6.89860963	9.88018807	3.88730514	9.86678844	3.70308839
IL12RB2	0.38049199	0.44814581	2.19393725	1.64482116	0.59628464	0.0	0.20304956	0.0	0.0
KAL1	0.74339186	3.6496702	1.43413977	2.85780008	0.0	3.06551487	2.76721053	3.41056962	0.02463488
CD82	6.05460819	3.63481451	6.43871283	2.39929541	6.99703574	0.33818668	4.39849822	5.9924226	6.49711556
KCNH2	0.06989853	1.06662228	0.05635359	0.16385	0.0	0.0	0.17735202	0.0	0.0
KCNJ15	0.30325888	0.0	2.20473217	0.01071475	0.0	0.00839127	0.0	0.88259157	0.0
KIR2DL3	0.28180421	0.0	0.02026201	0.03728637	0.0	0.03033608	0.0	0.01510689	0.04652986
KIR3DL1	0.17655074	0.0409759	0.00612441	0.0	0.0	0.0	0.0	0.0	4.60785633
KIR3DL2	0.58100685	0.03327615	0.34344709	0.0	0.0	0.0	0.0	0.0	4.07034162
KIT	2.50075654	3.1251945	2.92574769	1.98142094	0.01110525	2.5106455	5.04170507	0.04706075	0.03170886
KLRB1	1.13937594	0.13719122	2.63704272	0.01863417	0.0	0.0	0.0	1.84736401	0.39078995
KLRD1	2.04664073	0.32330144	3.44882066	0.75663516	0.01370587	1.97605808	0.0	5.13896963	6.46285214
KPNA2	9.43513817	7.64273251	7.27985859	8.07637301	9.31618895	7.5026926	6.54933629	4.76148125	8.07327576
KRT86	0.00257394	4.08365914	0.10437373	0.14902282	0.0	3.96154616	0.19737842	2.62883498	0.31227792
AFF3	3.04670308	0.10975853	1.00346309	4.74566271	3.27331243	0.37248784	5.82317409	0.0136033	0.0
LAIR2	1.01550267	0.13844003	3.93545454	0.0	0.0	0.0	0.0	0.76999439	2.91254342
LCK	5.00584106	0.57692518	5.45530451	1.99688172	4.39487578	0.00779351	0.20748986	4.45303231	3.68325977
LRP2	3.98020487	0.47162103	1.18521823	4.73987264	0.0508974	0.37388017	0.42708706	0.0	0.0
LTA	4.07163091	0.30423288	4.16505023	0.02277131	5.29166048	0.0	0.0	0.0	6.20026108
CYP4F3	0.01103552	0.00445859	0.04140564	0.67067556	0.0	2.24005986	1.26332524	0.00379158	0.00320243
LTF	4.97837543	0.98376454	7.05817954	4.30774644	0.30769346	0.12212049	0.03403391	0.61353165	0.11103131
SH2D1A	3.92168795	1.63779791	5.49348528	1.60721732	0.06976465	0.10433666	0.0	4.66148559	5.57329373
TACSTD2	4.07997233	5.44536569	6.69601841	5.21302201	2.18211441	4.06863499	4.48798003	0.45694445	0.20441899
SMAD2	5.39972653	6.09832791	4.96725015	5.30533716	4.93346534	5.68590512	5.22479215	3.9922914	3.90507272
MAOB	1.31521427	0.0	3.17346319	4.90902682	0.21242785	0.01077984	3.22484193	0.0	0.0
MAPT	0.22936818	0.86450455	0.91416276	3.72735613	0.0	0.03738222	2.33277722	0.0	0.0
MB	2.58783644	3.24839749	4.45670452	2.2721318	0.04009541	1.37364821	3.6924344	0.07472175	0.0
ME1	1.84534667	3.00621252	2.9943897	2.89688829	0.00849993	0.67882311	3.21121321	4.33138842	1.4002343
MEF2C	7.3720877	0.03997392	3.36670669	2.1663941	7.57212486	0.01256867	0.0	5.23029606	5.86450258
MME	5.26405381	0.01333464	2.42824309	0.78826808	6.63770508	0.0	0.0	0.02856915	0.19254489
MMP12	2.87984577	3.65870114	1.75028669	0.19110319	0.7252454	5.72650201	0.0	5.83102383	0.09835967
MPO	0.62777358	0.01571504	0.23079407	1.95767827	0.01045436	0.0	0.0	0.0	0.0
MSR1	2.2416223	0.43245043	3.35368201	2.08301217	0.14641825	3.53065343	0.02445695	8.46139974	3.48814363
MT1E	2.66151345	4.20673996	4.6881247	7.81757035	0.0691397	3.57258655	0.0	4.58619586	2.77914296
MYC	4.97646184	4.56042382	4.9984748	7.32694421	5.31015832	3.03848008	5.04082881	2.98645884	1.93441166
NAP1L4	6.51158325	5.81641076	6.20915928	6.00939604	6.36683084	4.650238	6.65665321	4.94842871	6.1243626
CEACAM6	4.32811069	10.13462556	5.62628585	5.35746563	0.16817522	7.53595573	4.37666456	0.9387315	0.27500705
NDUFC2	6.98757059	8.05153913	7.75517383	10.0267602	5.87076821	4.85625951	8.96933685	7.28229348	6.51266585
NKG7	5.01096362	3.69350023	6.80089919	2.08527013	3.16415728	3.837691	0.0	7.98664446	11.00064246
NPR1	0.00283109	0.0	0.77068306	0.11054547	0.0	0.00300249	0.92746831	0.0	0.0
OAS3	2.31976243	2.04846871	3.70265754	3.05075496	1.76996403	2.37897395	1.59192645	4.85908027	4.92277929
FURIN	0.50043787	0.35265093	2.7239869	0.85526491	0.23154412	0.7052407	1.49940357	1.39909912	1.10657166
SERPINA5	1.28074426	0.20312656	0.10437373	5.54459779	0.0	0.0721058	1.46988598	0.0	0.0
PDE4B	5.27177648	5.71009139	5.90702476	4.57477859	6.27034205	4.81619435	4.69989368	5.44322276	6.41502811
PF4	0.0	0.0	0.0	0.0	0.0	0.0	0.0	0.0	0.0
ABCB4	2.24591936	0.90211953	2.80176462	1.06243574	3.38712438	0.0	2.09913228	4.15278118	0.0
PHEX	0.60118712	1.12794766	2.06780603	4.6454449	0.07226174	0.06867081	1.29600735	0.01285092	3.83069477
PMCH	0.50897187	0.0	2.70538532	0.3245488	0.05721394	0.0	0.0	0.0	1.98590517
PNOC	4.92208739	0.0	1.1606849	0.0	6.72789571	0.0	0.0	0.0	0.46176136
PPARG	0.37036359	0.23032014	2.40058322	0.65917728	0.03498399	0.03210084	1.60223311	1.83656201	0.0
MED1	4.05915129	6.7663396	3.35736536	2.85001745	4.07054546	5.12369033	3.91399348	1.94643538	2.18938532
PPP1R2	6.15122317	5.77491253	6.22248992	6.20862189	6.35294627	6.31431889	5.9106437	4.71198751	6.69909041
PPP2R5C	8.74836479	7.64028454	8.00206374	7.90793289	9.03613239	5.90065552	7.24902779	7.95141663	9.15965693
PPT1	5.99126673	6.21533191	6.15523979	8.22913561	6.85567265	5.43295941	6.66864026	7.90545668	7.19917609
PREP	4.28544185	4.00843396	2.24707146	2.45154083	2.4251663	1.42043749	3.45653062	4.70393999	4.40640817
PRF1	1.33076326	0.83380572	3.78963127	0.16922534	0.01630181	0.00958605	0.16909741	4.81284947	6.98141506
PRG2	0.02502879	0.07854478	0.09313431	0.27109966	0.0	0.03679636	0.0	0.0	0.88318634
PRKCQ	0.43124089	0.04431084	1.86328138	0.68339023	0.11224519	0.00779351	0.0	0.06241261	4.86358059
PRNP	4.7895057	4.44960854	5.94520906	4.08676833	4.27049496	1.26478662	1.7209139	6.52309144	4.70696025
PSMD4	7.19824331	7.36513718	7.72129901	7.04609514	6.66311169	6.46619885	6.24116667	7.21356728	6.27496565
PTGDS	0.87282876	0.02688435	1.91849166	0.58958919	0.0	0.0	0.54708359	4.65679741	9.04135799
PTGIS	0.50225785	1.08130716	2.75617405	1.08838834	0.01370587	0.03972331	1.8542531	0.0	0.0
PTGS1	2.47016496	0.01333464	0.43920434	1.48832803	1.20191895	0.96532255	1.53066685	4.18252504	0.0
PTPN13	0.09133715	5.22083664	2.41039208	2.38553144	0.00980318	5.37466278	3.12053389	0.03969253	4.6522634
PVALB	1.23550825	0.0	1.23330505	7.17117589	0.10433666	0.0	1.69426913	0.0	0.21619616
ABCD3	2.39550353	2.82748032	3.68873678	5.93145098	1.95639464	2.89384756	6.38807285	1.02707953	0.83771903
RAP1GAP	0.08041403	1.81752581	0.74237551	1.30742853	0.01110525	0.38220611	0.98090979	0.0	0.0
RARRES3	5.85247601	4.86468141	6.84050705	8.1764479	5.05372352	4.32508054	5.22668876	8.10517243	8.35502557
RBM3	8.13067903	7.11818468	7.47774083	7.50488759	8.28595699	5.00157709	7.4203338	6.78646568	7.37792869
RBMS1	4.75897507	4.31831684	5.19365849	2.14928893	2.83077159	3.2521608	3.72077272	5.915458	4.50349009
RNASE2	0.66967473	0.13030334	2.31212278	0.02689661	0.0	0.0	0.0	5.43529522	0.0
RORA	2.82502236	3.35956133	4.44334289	2.14101656	1.14374961	3.21839371	1.60407132	5.73862564	2.03796785
RPA1	5.64010546	4.68600687	3.70536699	4.40199653	4.50603524	4.19554446	4.09701263	2.7835118	1.54706589
RPL19	10.88373849	13.53699023	10.14246583	10.65589991	10.74715621	11.44517568	10.92039104	9.56484845	10.56987986
RRAD	0.03738222	0.0631742	1.15364412	0.10774873	0.0	0.0	0.04287024	3.21698576	0.0
S100A12	0.03688007	1.17434554	0.0	0.0	0.0	0.0	0.0	0.0	0.0
SCN3A	0.14777186	0.03796785	0.99080446	0.01344602	0.0091517	0.29179999	0.0	0.00983746	0.06503609
CCL1	0.20833889	0.0	0.0	0.0	0.0	0.0	0.0	0.0	0.0
CCL4	7.84340852	2.70781925	6.18513608	2.22510663	5.64676488	1.31517976	0.0	13.02841512	9.73231443
CCL7	3.29186137	0.04863478	1.45242943	0.02341666	0.0	4.6537766	0.0	9.23847388	4.87441447
CCL13	3.98426383	0.06416021	3.44406079	0.03830847	0.0	0.0	0.0	9.80641819	5.47427379
CCL17	1.32017519	0.0	0.03402889	0.00941232	0.61052827	0.10433666	0.0	0.0	0.0
CCL22	3.36801997	1.95517107	4.92040912	2.27012115	6.51186763	2.57026052	0.0	6.70347378	5.32648941
CXCL5	0.02376227	1.14544456	0.79899569	0.00849993	0.0	0.03621025	0.0	0.0	0.0
XCL1	0.72636415	3.32717408	3.87260567	0.75919458	0.02147973	4.09701376	0.23819515	2.58610102	4.43825588
SFRP1	1.72527374	3.15985212	3.71471002	0.64078917	0.00523665	1.20893338	0.15265449	0.00983746	0.16849941
SGCB	3.4649716	2.70117937	4.09922545	3.51951903	0.86861494	0.12708295	2.47391257	0.05585323	4.14576802
SCG5	1.14602673	0.06776982	2.82580811	0.25547327	0.8559897	0.47594955	0.0	0.09334667	0.0
SHOX2	0.93909222	0.0	2.74852054	0.32747834	0.12913312	0.0	0.0	0.0	0.0254226
SIAH1	4.63226822	4.42557759	3.95321893	5.28035237	3.56288071	4.45318831	3.11538772	3.31324585	1.66549384
SLC7A2	0.14241344	0.01809153	0.39527493	4.39707484	0.00392927	0.02561946	0.27096292	0.0	0.0
SLC15A2	0.83635699	2.8378952	2.06987684	1.74959277	3.11012023	4.80598027	2.35186538	0.0	0.1073159
SLC18A2	2.57863686	3.53921791	2.57402789	1.82137626	0.0091517	0.60050765	3.50763098	0.11664492	4.6910378
SLC22A4	0.11174676	0.29222083	0.78412217	2.08424985	0.0	0.03033608	0.0	0.0	0.0
SNRPD1	7.31198342	6.78914546	6.51620587	6.67821791	7.45862286	6.06750607	6.38593196	5.99601999	6.60557829
SPIB	5.25659286	0.0	1.99410961	0.30822318	4.25896426	0.01495034	0.0	0.02185372	6.04457627
SPN	2.47434333	0.38246964	2.01601161	0.68216466	3.39262966	0.4109742	0.0	3.17984625	4.91496309
SSFA2	3.92343785	3.69352678	6.28844218	4.65328415	1.9602758	2.27748889	3.89990846	3.28126875	3.03962584
SULT1C2	0.26817771	0.7220496	0.0331723	2.56198148	0.0	1.12735814	1.41762389	3.42838221	0.0
VAMP2	2.16246326	2.35956133	2.41788421	2.65936414	1.89565514	2.09704889	2.09232749	4.90585249	3.4821312
XCL2	1.96907811	1.0733306	4.5134384	0.37679551	0.0	5.26309702	0.0	5.28117112	5.09653362
SYT1	1.72916429	2.80357148	0.17144749	4.84555392	0.74572627	0.44316458	0.49156349	0.0	0.0
TAL1	0.00539999	0.0	0.33916889	0.0	0.0	0.0	0.0	0.0	0.0055996
TBCC	3.30495425	4.46911073	4.71771202	4.22709692	3.08807991	0.64500988	2.34565276	2.06531834	5.22745015
TBXA2R	0.23090565	0.0109503	0.26668302	0.12167856	0.05721394	1.73894794	0.10498589	0.0	0.0
ZEB1	6.12025639	1.11404967	5.28522849	2.28521388	5.3296292	0.29816951	0.64809427	5.23237801	4.46894528
TFAP2B	0.73195901	0.27472314	2.6682997	2.6302572	0.03626354	0.0	5.74425226	0.0	0.0
TFF1	2.82948717	4.2800372	4.30420041	10.39738128	0.0	3.56701805	7.67555531	0.0	0.0
TFPI	1.46560139	5.79093335	4.76266009	5.27714958	4.37570295	4.44045394	4.23852801	3.60163397	0.04264434
TGIF1	4.73843009	7.08350212	6.68418175	6.05073913	5.32812818	5.82610353	5.37561684	4.03890744	4.17716481
THBS1	4.9976392	4.30676913	6.38558167	6.09222666	0.23042662	3.54817971	0.0	3.59699789	1.91647664
THBS4	0.23419472	0.61353165	1.19416369	0.13308522	0.0	0.01435529	1.87228862	0.09832026	0.0
TIMP3	2.91848846	0.79335094	5.37699525	7.05966106	0.02663913	0.13750352	2.35113587	0.06022946	0.01594154
TSPAN8	4.61363689	0.94325158	7.29471061	0.01746846	0.71729007	0.29278175	0.0	1.7835118	0.19884335
TPSAB1	0.11579426	0.0	0.00477451	0.08690726	0.0	1.18428029	0.0	0.0	0.0
UBE2L3	7.17005202	7.53544943	6.91716402	6.89437464	7.33646599	6.21097162	6.84946866	6.08575337	6.88079435
VIM	5.84758089	4.37656161	7.85235069	3.66850082	8.39168884	5.29443695	1.40089045	9.22559307	7.97832912
SF1	5.99825193	4.86753174	5.91324781	5.09458541	6.62099954	4.39283258	5.05069127	6.03097489	6.26607855
ZNF22	4.60097482	4.79782825	4.12639702	4.24535045	4.7099673	4.13449477	5.65335132	4.0443481	4.92301709
ZNF91	3.6757353	5.83322142	5.05156439	5.97921055	5.88599581	3.87024141	6.03157093	2.94643538	4.47064532
ZBTB16	0.43810271	0.0	1.06772998	0.0	0.0	0.10991769	0.0	0.0	0.0
ZNF205	0.0	0.64000386	0.19391983	0.0	0.0	0.0	0.59578083	0.0	0.0
LRP8	3.25886884	2.17167959	2.49981594	1.86602676	0.20334355	1.54225805	2.24341357	0.84884034	3.63697901
EVI5	2.15073374	3.49736905	2.85114853	3.06715369	4.50816932	1.46466827	2.80605791	2.77155202	4.22342255
MALL	1.64706776	2.76427133	3.31424785	0.01954019	0.0	0.28342795	0.34867105	0.02185372	0.0
SCG2	0.05509647	0.0	0.04951525	0.01643149	0.0	0.10824565	1.59177206	0.0	0.0
TCL1A	8.62197858	0.02722147	3.48296235	2.04842644	8.81569041	0.01256867	0.0	0.0	8.08122895
TKTL1	0.18359994	0.0	1.95433001	0.14357153	0.0	3.54864212	0.0	0.0	0.12800005
DYSF	0.16326869	0.73593473	0.8379098	0.09294545	0.0	1.280214	0.93076785	2.7486872	0.0
CDC7	5.04851023	0.89437894	3.23833084	1.45575462	3.45315837	3.56458141	3.66192977	1.4057058	0.08179409
HIST1H2BC	5.75110884	4.08388197	5.22180233	7.14706243	4.4196921	1.59991284	2.7853143	3.61433789	6.08733318
HIST1H4H	2.861211	3.09016788	3.86312254	7.05877105	0.71968128	3.56757587	2.22067945	1.995056	0.0
PLA2G6	0.29046653	0.47483774	1.38536239	0.60199898	2.24792751	0.0	1.18084598	0.0	0.0
DYRK3	2.62539575	0.69620583	3.54838212	1.17904774	0.01759803	0.0	0.01941497	3.60719013	0.0
PPFIBP2	3.72102104	5.36079902	3.91780097	4.05555852	4.88046291	5.98553838	6.44527122	3.40398523	0.0
LMO4	2.33837347	1.18057225	4.68842459	2.7963901	1.76746219	1.0545591	1.8566966	3.15491402	3.09057119
DEGS1	7.54641495	5.39856862	7.60650685	6.35342435	6.7057015	3.58300753	5.63293424	6.34672367	5.47201835
PDXK	4.03409935	4.26560835	4.45814849	4.13866556	4.22387885	4.98821128	4.37955165	4.95984335	3.30839971
MADD	3.4288985	1.30423288	2.36766453	2.48736941	3.96880291	0.1958725	2.20067242	3.56726362	3.37858869
PDLIM4	0.02932667	2.23273384	1.47000107	0.86033081	0.0	1.85049941	0.07658116	1.02558838	0.05812405
SLC25A12	4.08637131	2.69721251	3.12147341	3.05303233	3.13025698	4.17917927	4.66875234	0.76821219	0.85731753
STC2	0.3291236	0.43397682	2.04198641	4.90835441	0.28311362	1.20893338	0.17714623	0.08047815	0.0
SKAP1	3.66819613	3.55242392	4.1285313	2.53279298	1.19162007	0.0	2.58566041	4.19015737	5.85518687
MARCO	0.43143194	0.27897595	3.50621365	0.36798096	0.23154412	3.0545591	0.0	3.11638227	0.0
SIGLEC5	0.16004428	0.0	0.03293859	0.03830847	0.73355155	0.0	0.0	0.67807191	2.51713569
TNFRSF10C	0.12125228	0.69917086	0.89491689	0.8438377	0.0	0.0	0.47959775	0.98396565	0.0
FGF18	0.01766744	1.28180421	1.49933673	0.7341036	1.06381667	0.0	0.04738078	0.37031114	0.0
CD84	3.54312022	0.41297503	2.97017232	0.59767202	3.18579448	0.29425314	0.0	5.87490048	2.09704889
SYNJ1	1.88334152	1.80558727	3.92681199	3.38751294	0.75818687	0.57046293	3.29095229	3.84968328	3.58849811
MCM3AP	2.6592722	1.76634275	3.60619353	3.28533496	3.41333559	0.13859606	3.52244865	1.74030271	3.6389105
MGAM	0.0161397	0.0	0.07841357	1.73686067	0.0	0.00659725	0.38119404	0.15465824	0.0
CH25H	0.47062983	0.0	2.48087922	0.02044563	0.0	0.0	0.0	5.21193439	0.25365317
CLDN1	3.95116813	0.04564267	5.40566522	1.54982596	0.04200753	0.01256867	0.0	4.13205726	0.0
SYNGR3	0.22870877	0.05922341	0.93252898	0.001704	1.89283255	0.26553691	0.62881122	0.0	0.0
DGKI	0.11174676	0.53557903	2.71196942	0.41516865	0.0	0.00180224	1.00661655	1.16857448	0.0
SLC16A7	1.34269696	0.09793179	2.53068332	1.15457143	2.94945004	0.0	0.0	0.0	1.19989042
CD163	4.5294194	0.63823937	3.22728325	2.9293262	0.0	4.14764589	0.0	10.01855673	1.4409522
TCEAL1	4.47761951	5.89511793	4.79305662	8.56929326	3.63807384	0.4298391	4.28621343	1.49246042	0.0
ABCG2	0.07186072	1.42300182	0.21700786	0.00392927	0.0	0.0	0.0	2.94327979	0.0
NCR1	0.07038933	0.0	0.01000828	0.0	0.0	0.0	0.0	0.0	5.6285468
ITM2A	4.26497869	4.76709985	7.20960631	3.99456327	3.90483438	1.04439412	0.13686877	4.72137266	6.65781465
NR1D1	1.30753261	4.74028512	1.34724279	1.56918173	0.0	5.95393451	3.15735672	0.01660892	0.03484175
CREB5	3.91797725	3.33757518	4.04989547	3.12348562	5.20011838	4.31699045	3.36369109	4.2794713	0.71369581
SEC24C	4.59683933	5.13093087	4.50086894	4.04684819	3.24723706	3.29051042	3.40306977	1.07975985	3.85659844
ISG15	7.03983165	5.36247824	7.51977134	8.31962532	4.88898672	4.07674435	3.74214533	9.26671011	9.29136898
MICAL2	1.08430729	1.56745273	3.49596365	3.80076345	1.08034757	1.63149236	3.16614526	0.65221475	0.06043174
KIAA0125	5.17135554	0.0	0.4315417	0.24377985	5.38768838	0.0	0.0	0.0	3.57012556
TECPR2	1.95625583	1.12085746	0.68190271	1.65818032	1.65013789	0.02620988	0.43002622	0.18503189	0.51825536
MRC2	0.1628085	0.04763809	0.68334285	0.09944823	0.05279527	0.0	0.0814276	0.66472235	0.07496206
KBTBD11	0.03562391	0.0	0.11964049	0.14558853	0.0	0.0	0.00626906	0.0	0.0
HS3ST2	0.04489367	0.0	0.0	0.00144197	0.0	0.0	0.0	0.13888343	0.0
ATP9A	0.8738132	3.80536617	2.32304356	2.1451735	0.00523665	2.98883614	1.28678578	0.72062409	0.14259497
ARL4C	4.12534704	2.97374246	4.70533644	1.26767198	4.99926207	1.28145098	1.72457986	5.37838385	6.87931095
EBI3	3.32855953	1.02587253	2.60186721	0.32308179	5.30364793	0.0	0.0	3.30074029	4.7526594
CD96	4.8760696	0.37983217	4.97370006	1.753799	4.36600423	0.47551728	0.00302184	6.19551338	8.21234506
AP3S2	3.79227902	7.56522179	3.89645384	3.53485393	3.79965251	5.68445643	4.09487624	2.86893624	0.74655164
ABCC4	2.33194061	3.90228035	2.67030452	1.49388019	2.29157677	1.87807135	4.59389347	0.88670416	0.09835967
LILRB2	0.24227585	0.0071955	0.59031947	0.01058456	1.61588707	0.02620988	0.0	5.04664729	2.75820841
YAP1	1.65010804	3.29775041	4.61572453	2.40720441	0.09392888	1.75862298	4.0041969	3.00464331	0.30126246
SPON2	1.9437874	2.19467244	2.00344321	0.54210043	0.44938129	1.29302708	2.34299511	0.13543118	1.20163386
GPNMB	5.30935941	5.27138299	6.57962306	3.70470097	0.2646729	3.41244282	1.35022346	7.67095808	0.29670212
CLEC10A	0.92640614	0.01605478	2.58939271	0.02676787	0.0	0.0	0.0	4.57626753	0.0
SEMA4B	2.28914941	7.4344098	3.19511264	3.32317352	1.27798475	7.31585903	3.0685876	1.40856886	4.36122249
CIB1	4.64204138	9.67560551	5.80120154	5.4934552	5.20156258	8.71806189	5.88950102	6.6839328	6.25860267
ATG7	4.6881204	4.55201397	3.4520289	4.20620986	5.49785909	3.5247637	4.18672291	5.65666195	4.70151825
UBD	3.8062504	7.66986198	4.04766564	5.55637925	0.03690289	6.87313134	0.0	6.92697321	0.98266407
BATF	3.12444631	2.52176867	4.08658111	3.26057317	4.18323386	0.91073266	2.65852478	4.81624938	4.40338135
ANP32B	6.16489256	4.59084721	5.35298594	4.2637583	5.85118116	4.33595601	4.27636458	5.04310501	5.37698875
SIVA1	6.07240061	5.60299042	6.88753268	5.68115278	6.98171776	2.68687399	6.23113135	4.75404357	6.48435299
GNLY	4.32415482	2.59557186	5.97728625	2.24519139	0.0	0.19166792	1.08790078	5.82322643	9.77105839
IGF2BP2	0.21833835	5.32185939	1.89502405	1.46628303	0.0	5.24949275	0.0351698	1.05621843	0.3090468
KHDRBS3	2.02306521	2.37202342	5.30758552	3.20371372	3.03394352	1.00180224	4.84160797	0.89285114	0.0
CXCR6	2.94566121	1.92500474	3.50360175	0.76830946	0.03881925	0.0	0.0	5.62960203	4.17286084
YME1L1	6.1223954	6.4067213	5.3401806	5.45204127	6.13890009	4.92118637	5.31748264	4.04967662	4.71494761
CCR9	0.0	0.18993749	0.0	0.0	0.0	0.0	0.22551377	0.0	0.0
HPSE	1.09024855	0.00445859	2.11718071	0.07736731	1.36864138	0.0	0.0	4.58128781	0.06503609
MRPS30	4.4177802	4.41197496	3.38055649	6.21072535	4.23063622	2.33091688	2.76001486	1.85661883	1.0631194
STARD3	0.88487697	2.94873433	1.24293511	3.17225475	3.72881104	4.16868883	4.68343386	0.28001859	2.25281259
BTG3	4.63292252	4.17744327	5.11347396	2.66964528	4.697511	2.85008263	1.30949542	3.49009717	4.15659437
TMSB15A	2.36402206	0.06185847	5.20402309	0.38796404	0.03754196	0.0	2.8827377	0.0	0.0
ABHD2	2.95728449	4.43995552	3.90005684	5.34254828	3.21596092	2.00898878	2.99912714	4.27025352	2.05407667
C10orf10	3.7681276	2.2389324	5.81709602	2.32090473	0.04518877	0.67506316	5.088872	4.04572805	0.13239405
LDB3	0.03235278	0.01537523	0.0330165	0.08826497	0.07475452	0.0	0.0	0.0	0.0
ERLIN2	2.53995639	3.2369299	3.92096702	6.77239916	0.2542642	3.66675659	3.5795033	0.87515924	2.4922805
WDHD1	4.61923482	2.44348036	2.93018843	3.12841339	4.7773958	1.65306002	2.33273103	0.00530543	2.31130935
GALNT6	3.35329808	2.69567572	2.36914639	5.37418272	2.77409219	2.39185935	5.55181864	2.8824886	2.3291236
TMC6	4.87203721	2.13437742	3.68869969	2.26984923	5.05301257	0.0279797	1.69635286	2.98425354	3.41818995
CASC3	4.84075095	7.51471969	4.87734566	5.97670523	5.56898559	6.73260274	8.95166261	2.56623835	5.16381178
VASH1	0.25830355	0.08211862	0.47731953	0.41988206	1.62143919	0.0	0.8675139	2.54973401	2.28622403
EPN2	2.21700909	2.49636495	4.07304852	3.60884149	0.0	4.20006486	5.83103953	0.0	0.0
KLRK1	4.28731661	0.27045775	5.79574083	2.95514369	4.80768277	4.14186872	0.0	5.8981065	8.00634478
CD93	0.42473018	0.0071955	0.83223543	0.01045436	0.06726323	0.01435529	0.0	2.08388517	3.37480765
MAPRE3	0.06817943	0.24256621	0.33336047	0.88560986	0.0	0.42849976	0.26264653	3.50160675	0.0
GOLGA8A	4.37851162	3.49797726	4.99733234	4.88405171	2.89547889	3.68243284	3.66882552	2.48501999	2.98620865
ZNF609	2.95900834	1.86431587	2.99132578	3.50897022	3.67617507	1.60940039	4.21195422	2.91123744	0.24421053
PEG10	2.95648817	4.87680926	3.25786913	1.20562	1.04009541	4.69914441	2.41391723	0.0	0.1294662
RRP12	3.20627482	3.09809226	3.9956794	3.22914042	3.71699089	3.91073266	2.07884119	1.42081568	2.74487868
MED13L	5.00487855	3.3162492	3.833835	5.94190232	4.46318251	4.12543069	4.74917091	3.87603866	3.84504393
SLC7A8	1.42021289	2.64193131	2.592158	5.20053931	0.04200753	1.11519975	4.58179829	1.79843258	1.02896199
LEPROTL1	5.46938599	4.99104127	6.23201087	5.28287108	0.98152058	2.47270438	6.35431053	5.95792681	6.59310473
SLC39A14	2.29761068	3.54561542	1.71992766	2.13027195	2.98434077	0.71845296	2.25535453	0.0	0.0
HEBP2	3.57852904	5.19949474	5.75556633	3.71609298	3.70290935	4.12594722	6.04367824	2.410998	0.40780593
CLEC5A	1.37235516	0.10113778	3.57798458	0.84010612	2.76649879	0.0071955	0.33950523	6.35320255	0.0
ARHGAP8	2.0973098	3.85233183	3.86922794	4.93611965	0.01889309	3.83238372	6.17703367	0.0	0.1294662
SLC39A6	3.85618539	4.58637874	5.09443439	8.19376592	2.76099508	5.01124589	5.27642462	3.56129398	4.21096892
ASF1A	4.01411614	4.88040566	4.91582459	4.19501824	3.47761846	1.92441665	4.79937981	3.88608802	3.8999812
EGFL6	0.15380534	0.0071955	0.85166761	0.02882629	0.0	0.0	0.0	0.0	0.0
TIPARP	5.53601959	5.77065288	6.87981541	6.77898984	7.12401789	5.30321756	4.77941224	5.11305122	3.55677
KRT23	3.59802059	3.4381344	5.47979545	2.36033874	0.0	0.19219417	0.66682988	0.02856915	0.12579802
RAI14	1.42079035	4.60852766	3.34092417	3.64551303	0.00392927	2.49024921	0.62247698	0.99772026	0.26637012
HSPB8	2.09109531	4.76153857	4.16161158	8.2619436	0.07910654	2.75800107	1.35559833	2.38521304	0.02305817
PCOLCE2	0.34279853	2.15827547	1.88104803	0.08356926	0.0	0.0	0.0	0.0	0.0
ZBTB32	1.45793194	0.0	0.60899216	0.13952903	0.25371428	0.04846871	0.0	0.0	0.01831765
LAMP3	2.63749433	2.04747191	3.0332794	0.04557005	3.19813694	0.0	0.0	5.48896482	2.28720959
SLC43A3	5.05655256	3.03168086	5.18485453	2.0020642	5.6606507	2.98299357	0.0	6.26972219	5.39698526
BLNK	7.92331263	5.61698636	4.92381894	4.68821088	7.97436766	0.0721058	5.33863719	4.92702313	5.94188881
ABT1	4.88671562	5.40261012	4.91861553	5.08277612	5.44825525	4.43798782	4.00706526	1.26682598	3.71662515
ICOS	2.3124681	0.44562582	4.86870695	0.66902677	0.06099063	0.02266372	0.0	0.22456026	4.9392527
CD209	0.592158	0.01978662	0.01569627	0.00039341	0.0	0.0	0.0	2.88423801	2.04555946
G0S2	4.31867837	0.3724215	4.35631894	1.57526832	3.95025631	1.70358063	0.0	6.3985862	0.0
IL21R	4.85649667	0.1180116	2.33834955	0.37153352	5.08798351	0.0	0.0	3.42915784	2.05040495
IL22	0.0	0.0	0.0	0.0	0.0	0.0	0.0	0.0	0.0
TRAT1	2.90980739	1.98939855	4.84886844	1.13081109	0.03113851	0.52523368	0.0	5.75727595	5.02746372
HEBP1	1.77760758	3.93714258	3.28804035	6.36824929	3.8559897	2.89756314	4.69223639	3.12162621	2.44699136
MED31	5.46567135	7.54857607	5.17363545	4.58769775	6.86702596	6.34333379	5.48258289	6.01525951	5.94020591
PI15	0.55739258	0.35372656	4.00828561	7.41172744	0.00327513	3.83251031	0.0	0.0	0.00320243
SLC25A37	4.43477118	5.27703716	6.57354426	4.51763647	4.03782147	4.21483717	5.86301921	4.97754506	0.16492927
NGRN	5.84336028	9.8483666	5.37362899	5.39267649	4.70755993	8.92291636	4.86393046	3.5397139	4.32345014
MS4A4A	3.29564432	0.40909994	0.8573542	0.59879828	3.88210944	2.07695808	0.0	8.27608276	2.98337368
FZR1	2.23222218	1.70655686	1.10177635	1.41845984	0.44842045	1.44449039	1.89423885	0.22780592	0.0
KLRF1	0.12739745	0.2102701	0.04542752	0.03229323	0.0	0.0	0.0	0.0	0.0
LIMA1	6.12652011	5.91614107	6.56225255	6.33937226	5.86739107	6.17858186	7.55791944	5.08808802	4.43147439
C9orf156	3.9783264	3.39982213	4.11172766	4.08154106	4.15491014	4.65606727	4.38938917	3.9682363	5.07586536
NLK	4.97246291	3.35587543	2.01344745	1.83080846	3.65815954	4.33264827	3.24400315	0.88423801	5.6615406
CDK12	3.25989119	6.06465296	3.16801077	3.45000549	2.82495296	5.73646958	4.13426069	2.35688514	2.4871433
SYT17	1.94485845	2.85551517	0.38883649	1.25354927	2.74719207	3.24412594	3.05876338	0.0	0.0
SIX4	0.84627839	5.17709202	2.39082879	3.49772848	0.0	3.4341834	3.18340967	0.00983746	1.0127673
BCL11A	5.94454475	1.45880694	4.16193666	3.04669741	6.69855946	0.01554514	3.03468716	4.6742406	6.40952294
NUDT9	2.67654145	5.12641441	3.44649752	4.00357771	4.11186596	3.09775124	4.53607296	2.4993256	5.34238091
S1PR5	0.00873274	0.0	0.0018321	0.0	0.0	0.0	0.0	0.0	0.04652986
KRT20	0.15380534	7.10432917	1.02845193	1.82863158	0.01824571	3.29437568	0.0	0.0	0.0
LRRN3	0.12951854	0.01741293	2.42107262	2.67835878	0.0	2.42961596	0.61048671	0.0	0.0
AHI1	5.43052424	5.6672028	6.43930997	5.46993628	6.25326733	5.34044358	6.97041024	4.37533215	6.472226
SYTL2	3.53285126	2.41889669	3.59894289	6.66322298	1.49033674	3.87557531	4.22533962	1.28532434	2.97575245
LIME1	1.22661862	0.76432189	1.5189663	0.04734802	1.28472948	0.46597446	0.06394822	0.0	3.05311134
NEIL3	4.0120099	1.12747606	1.83225781	0.07885821	3.35831953	0.15542543	1.46239013	0.0	0.02856915
PHF10	3.75898458	4.56839409	4.64932645	3.86890223	4.77708492	4.88652983	4.3296676	4.54837172	0.03640565
QRSL1	4.5602564	4.79884052	3.1116585	2.5544549	5.00599194	1.3950628	3.57494138	1.87495224	0.80368627
CPPED1	2.25921867	2.36637218	3.19627837	2.95168951	2.76948325	2.30024577	2.68090506	0.27249474	2.51096192
GIMAP5	3.46258991	0.67269473	4.34508736	3.03626354	0.0	3.01873802	0.0	5.75650365	6.05822027
TRPV6	1.41828634	1.67053823	4.04900973	1.58736499	0.28419106	0.02088737	3.96292212	0.0	0.0
SMPD3	0.50788523	0.37666083	0.33158804	1.94035471	0.0	1.43962314	1.47366124	0.0	5.69184431
CDKN2AIP	4.02439567	4.90574514	4.1796606	3.77416889	4.81130755	3.0688141	2.39736135	1.57174067	4.61559286
PRR5	0.02578817	0.25959532	0.5660818	0.24930742	0.0	0.48241808	0.14573004	0.23814323	1.1681428
THUMPD1	6.46893818	7.17913897	6.78211601	7.01675967	5.89533567	4.74247787	7.08369034	6.81362595	7.13867
SMEK1	7.06481204	4.98521849	6.31965965	5.67303212	7.57063887	4.82798835	4.59063292	4.7341534	6.16094707
RCOR3	4.48536932	4.54246443	5.50646792	4.50896446	7.44972268	3.79999389	4.89169356	3.70580334	2.61784699
IL26	0.00642627	0.0	0.81625459	0.0	0.0	0.0	0.0	0.0	0.0
DOK5	0.28434491	0.44713834	2.08618697	0.0	0.0	0.03151283	0.0	3.00274989	0.03952836
PMEPA1	2.82251165	3.97555595	4.21870839	2.76422261	0.86033081	3.66580963	2.42574516	2.32177622	3.79111947
CYSLTR2	0.17426944	0.0	0.0	0.00693447	0.0	0.0	0.0	1.24488706	0.0
NUP107	5.92345059	5.51670558	5.57045958	5.89777507	6.25130595	4.0625319	6.12088835	3.67925784	5.59643826
SLC24A3	0.08746284	0.38325994	1.39790883	0.47130572	0.0	0.0	0.05635977	0.0	0.0
PPM1H	2.29640496	4.38031057	3.24557634	3.55090066	1.12583141	2.64443315	3.56140498	0.83486022	0.01038202
MICAL3	2.98751578	2.82039781	2.83481847	1.74861736	4.19799402	1.37943613	1.68170316	2.20608383	0.21895334
SIPA1L2	0.28624751	2.38121744	3.88096147	2.62433489	2.22958792	1.69599381	2.49420912	2.42817061	1.86085247
KIAA1467	3.5354087	4.90443822	4.33865686	7.5682346	2.57344063	2.37862722	5.68901954	0.46961183	3.81511996
PRX	0.01307936	0.20759542	0.14969772	0.32935848	0.0	0.0	0.00534203	0.0045487	0.0
DNASE2B	0.0	0.04064198	0.0	2.01944314	0.0	0.0	0.0	0.0	0.0
SIGIRR	0.80411258	2.67237146	4.26037922	3.82904692	0.21299372	1.38887834	4.37518521	0.06313959	0.28227505
HRH4	0.0051433	0.00411611	0.00612441	0.0	0.0	0.0	0.0	0.0	0.0
BACH2	4.4373419	0.82936636	2.08284183	0.59593759	3.69958192	4.059723	1.08186738	0.0	1.35614381
FAM111A	5.83724046	3.67320642	5.7143108	6.20008448	4.60050765	2.86203805	7.06776916	6.86788996	6.53771884
C19orf33	0.32953369	4.24512256	2.64389445	7.20237052	0.0	2.53915881	5.05703095	0.0	0.36674962
TINAGL1	0.35090131	1.99613045	2.60504111	1.41796909	0.01824571	1.79632087	2.62809624	0.02856915	0.0
CARD9	0.09568335	0.0	0.28007041	0.44755515	2.4228446	0.0	1.93776962	0.71924109	0.0
MS4A6A	4.61445746	0.51601515	4.93430275	0.64540822	7.20797713	1.0128666	0.0	10.19406735	8.08688223
TPSB2	0.26367832	0.0	0.01490761	0.19900839	0.0	2.668365	0.0	0.0	0.0
NDST4	0.76538319	6.95770736	0.04132819	2.37193897	0.01565326	4.78544157	0.0	0.0	0.02463488
BCL11B	0.87788445	0.55698405	2.06771097	0.23399958	0.01695007	0.05311134	0.71241828	0.49569516	0.58121732
SLC30A5	4.18755003	4.56179163	4.26561841	4.94294949	3.67986391	3.44078613	4.03185903	3.12945656	5.13271392
SLC26A6	2.76086724	1.65502465	2.60017248	2.44165248	0.0279261	2.0688141	1.68893835	4.11830726	0.40961722
ZNF747	0.3401553	1.03445051	0.96367849	1.52747985	0.01240614	0.03386345	1.06883721	0.12293423	0.04108719
DDX50	4.54692752	3.18665902	4.71698483	4.50232481	3.78431362	1.84682758	4.24397858	4.25994639	4.35845097
MLPH	4.72734676	6.74191956	5.99729615	7.47808492	1.23293978	7.15472952	7.53077885	2.64834434	0.0
C1orf116	1.92593162	3.83108099	4.37827785	1.3454996	0.02212566	0.52940452	0.00927781	0.02110563	0.02226916
FCRL2	4.65172828	0.03159684	3.18489397	1.05323774	7.15726884	0.0	0.0	0.0	0.0
LRRC31	2.81802517	0.87296943	4.34514227	1.99835964	0.49010331	0.12983251	1.11544142	0.0	0.95523013
TCTN2	0.68658056	1.14109019	1.39318255	2.18407828	0.03434379	1.49888909	2.74089275	0.56816015	0.31807577
THSD4	0.15704371	1.72309043	0.95630315	3.44381157	0.0026207	0.0	1.71490134	0.0	0.0
TCEAL4	5.2369299	5.37176627	5.9096193	8.26860707	3.23621428	5.27217875	5.3920293	3.98923464	1.56613863
MYO15B	2.01995602	2.38825515	2.07065499	3.72703923	5.3953277	3.52136488	0.26768077	0.00303406	4.39612904
APOL3	4.27621748	2.7781585	3.13374879	1.87105508	2.18528993	2.65477922	0.02925338	5.44674378	4.58636444
COLEC12	0.03838601	0.00685367	1.03682873	0.44196629	0.0	0.04555946	0.0995667	2.83624308	0.0
LMAN2L	3.37722293	3.93586381	3.01088862	2.33620547	2.97502981	0.01554514	4.50922589	4.25163937	0.0071955
CRISPLD2	1.36896785	1.37507254	4.85877235	2.61310298	0.01435529	0.59931779	0.80349371	3.58768081	0.01910882
NCALD	3.82256628	5.67809203	4.20000848	4.1217539	3.40146912	4.7938092	2.09123574	4.46005274	5.15693139
PPP1R1B	2.13808891	8.8151797	5.80988198	5.31668224	0.01889309	7.84983511	9.33478688	1.95390235	2.2685342
ATP13A4	1.52024263	1.87437543	4.07473345	0.07263593	0.15174076	0.66486205	0.00371829	0.0	0.0
ZNF528	4.22822775	4.28624751	3.61393534	3.17880154	3.0551641	4.56427654	2.72806094	3.31492545	2.34372365
PPAPDC1B	4.65153353	6.49304721	5.24633039	8.50583753	6.15411845	6.57646545	6.2984839	3.7297531	1.49966875
PARD6B	4.04963077	6.61078582	5.49385678	8.2435873	2.99934408	4.63248635	7.26505693	0.05658353	3.42745719
TXNDC17	7.70394311	10.73492288	7.57637681	8.10347189	6.7642202	8.6041671	8.76520802	7.7784161	6.52783318
TCEAL3	1.39123745	1.87512474	2.56302326	4.84711772	1.39256722	0.0	1.88733659	2.81977573	0.0
ANKRD30A	0.5000736	3.27777226	2.10118201	6.85748004	0.0	4.10234319	7.51372632	0.0	0.0
LRP5L	1.20778132	1.35533851	3.5769096	2.58716857	0.0	0.71112776	0.33987298	2.13646772	6.03426708
OSBPL10	4.63807384	4.27631941	3.12423673	3.80300154	5.05046212	3.7322692	4.09675425	0.78329122	1.97839904
KIR3DL3	0.00360224	0.0	0.0	0.0	0.0	0.0	0.0	0.0	0.0
MUCL1	7.96554107	7.19476154	11.03372685	5.89579613	5.84493111	6.38757221	7.13633959	0.56559718	0.5806815
DEGS2	1.08576455	2.35842306	2.28092351	5.36200756	0.76746219	0.0	3.76277744	0.0	0.0
PRICKLE1	2.22953299	2.27081368	3.91849693	0.40767411	0.28956623	0.03327615	0.30262566	0.01209814	2.47479655
A2ML1	2.47262702	2.82452542	3.89155346	0.23321875	0.47272407	0.48198774	0.59685822	0.02707953	0.05195208
AGR3	3.03017841	4.13590224	4.62005817	8.82790301	0.0	3.52705991	1.85290096	0.0	0.0
RHOV	0.74323797	1.8673317	3.27236145	2.3108953	0.17399959	1.17977642	2.85566826	0.0	0.01752605
SDR16C5	3.53280674	4.47111002	5.30536594	2.18598184	1.34740796	1.10517519	0.75247237	0.03747471	0.02620988
CYP4Z1	3.72266118	0.0726775	5.79561887	4.38843379	0.23656219	0.03796785	6.78528265	0.0	0.05040495
GLYATL2	3.22837894	3.76919241	6.67694124	1.97699677	0.25975182	0.0	0.01066435	0.07472175	0.0
LPCAT4	1.66991764	1.95587958	3.05788584	3.25368678	0.23154412	0.02974734	2.53368391	6.03362006	0.71418445
SGMS1	5.73298142	3.23711206	4.34865969	3.84652067	3.69862259	0.62955091	3.80296032	3.81217393	2.25851892
H19	0.33301475	7.95618529	3.24379362	0.11066695	0.0	8.1750276	2.5573587	5.01803908	2.8335648
EFCAB4A	0.66529531	1.39257911	3.46727948	1.54875046	0.025351	2.13968777	3.0411186	0.01285092	0.0
FRYL	5.37654714	4.70139063	5.02823456	5.06899905	5.65843222	4.35129263	5.64486572	5.0007354	5.47450815
MSL1	3.4157297	7.68493392	5.18461346	5.96915468	3.07015511	7.28911208	8.8922069	4.69112271	4.26915786
ZNF710	1.51032902	6.58889663	2.04903381	1.96340686	3.25550073	6.20451409	3.0107221	3.27681007	1.7053636
ANKRD30B	0.65060046	0.56976883	0.16228839	6.16211847	0.01565326	0.07838212	2.80349371	0.0	0.0
